
----------------------------------------2023/05/29-15:46:08----------------------------------------

----------------------------------------final_experiments_results/WACA-OCSVM/Butterworth_Mean_EER_Realworld-per_unknown_window_df_train_dict.txt----------------------------------------

----------------------
\cut_off_freq: 1
  window_size step_width  Mean_EER median_nu median_gamma
0         125         62  0.392675  0.022527     0.000429
0         250        125  0.334359  0.020488     0.000079
0         500        250  0.265707  0.036798     0.000079
0         750        375  0.233225  0.034759     0.000244
0        1000        500  0.229031  0.040876     0.000192
0        1250        625  0.201192  0.046992     0.000244
0        1500        750  0.170214  0.045972     0.001828
0        1750        875  0.155824   0.06738     0.000429
0        2000       1000  0.171776  0.052089     0.000429
----------------------
\cut_off_freq: 2
  window_size step_width  Mean_EER median_nu median_gamma
0         125         62  0.294638  0.020488     0.017439
0         250        125  0.211525  0.034759     0.000592
0         500        250  0.150171  0.030682     0.004095
0         750        375  0.148091  0.036798     0.009923
0        1000        500  0.113954  0.036798     0.012649
0        1250        625   0.09815   0.05005      0.03065
0        1500        750  0.078996  0.036798     0.039069
0        1750        875  0.095973  0.040876     0.004095
0        2000       1000  0.094855  0.052089     0.009923
----------------------
\cut_off_freq: 3
  window_size step_width  Mean_EER median_nu median_gamma
0         125         62  0.243831  0.024565     0.120679
0         250        125  0.174203  0.040876     0.039069
0         500        250  0.135415  0.038837     0.012649
0         750        375  0.105215  0.040876     0.039069
0        1000        500  0.095032  0.037817     0.012649
0        1250        625  0.077171   0.03374     0.040657
0        1500        750  0.087846  0.049031      0.00233
0        1750        875  0.072105  0.034759     0.120679
0        2000       1000  0.068776  0.034759     0.012649
----------------------
\cut_off_freq: 4
  window_size step_width  Mean_EER median_nu median_gamma
0         125         62  0.226477   0.03374     0.166387
0         250        125  0.168003  0.043934     0.212095
0         500        250  0.112964  0.036798     0.068665
0         750        375  0.103431  0.041895     0.039069
0        1000        500  0.086277  0.038837     0.045447
0        1250        625  0.079655   0.03272     0.068665
0        1500        750   0.07731  0.044953     0.068665
0        1750        875  0.062677  0.040876     0.039069
0        2000       1000  0.062487  0.042914     0.039069
----------------------
\cut_off_freq: 5
  window_size step_width  Mean_EER median_nu median_gamma
0         125         62  0.206198  0.024565     0.212095
0         250        125  0.158936  0.036798     0.655129
0         500        250  0.104325  0.034759     0.120679
0         750        375  0.089091  0.034759     0.068665
0        1000        500  0.074442  0.040876     0.068665
0        1250        625  0.068956  0.034759     0.068665
0        1500        750  0.066657  0.040876     0.039069
0        1750        875  0.063192  0.035779     0.039069
0        2000       1000  0.060211  0.034759     0.053867
----------------------
\cut_off_freq: 6
  window_size step_width  Mean_EER median_nu median_gamma
0         125         62  0.197621  0.031701     0.513944
0         250        125  0.146535  0.036798     0.372759
0         500        250  0.102755  0.034759     0.120679
0         750        375  0.088694  0.042914     0.120679
0        1000        500  0.093325  0.046992     0.012649
0        1250        625  0.074309  0.035779     0.120679
0        1500        750  0.086589  0.054128     0.017439
0        1750        875  0.068387  0.042914      0.03065
0        2000       1000  0.076724  0.036798      0.03065
----------------------
\cut_off_freq: 7
  window_size step_width  Mean_EER median_nu median_gamma
0         125         62  0.189041  0.030682     0.655129
0         250        125  0.143858  0.036798     0.372759
0         500        250  0.104781  0.034759     0.120679
0         750        375  0.085306  0.034759     0.120679
0        1000        500  0.084865  0.034759      0.03065
0        1250        625    0.0725   0.05005     0.068665
0        1500        750  0.086901  0.048011     0.017439
0        1750        875   0.07238  0.036798     0.039069
0        2000       1000  0.074934  0.034759      0.03065
----------------------
\cut_off_freq: 8
  window_size step_width  Mean_EER median_nu median_gamma
0         125         62  0.185649  0.042914     0.655129
0         250        125  0.141313  0.044953     0.372759
0         500        250  0.101332   0.03272     0.120679
0         750        375  0.085029   0.03272     0.120679
0        1000        500  0.072901  0.034759     0.068665
0        1250        625   0.07852  0.036798     0.053867
0        1500        750  0.081891  0.036798      0.03065
0        1750        875   0.07635  0.040876     0.039069
0        2000       1000  0.071118  0.034759     0.068665
----------------------
\cut_off_freq: 9
  window_size step_width  Mean_EER median_nu median_gamma
0         125         62  0.184803  0.055147     0.655129
0         250        125  0.138675   0.03374     0.372759
0         500        250  0.099106   0.03272     0.120679
0         750        375  0.085359  0.030682     0.120679
0        1000        500  0.076149  0.030682     0.094672
0        1250        625  0.095666  0.038837      0.02223
0        1500        750  0.082485  0.034759      0.02223
0        1750        875  0.073982  0.042914     0.053867
0        2000       1000  0.067118  0.034759     0.068665
----------------------
\cut_off_freq: 10
  window_size step_width  Mean_EER median_nu median_gamma
0         125         62  0.182494   0.03374     0.655129
0         250        125  0.137194  0.048011     0.372759
0         500        250  0.096379  0.042914     0.212095
0         750        375  0.085938  0.038837     0.120679
0        1000        500  0.074063  0.034759     0.068665
0        1250        625  0.077706  0.034759     0.068665
0        1500        750  0.095585   0.05005     0.009923
0        1750        875  0.069165  0.041895     0.068665
0        2000       1000  0.071684  0.031701     0.094672
----------------------
\cut_off_freq: 11
  window_size step_width  Mean_EER median_nu median_gamma
0         125         62  0.180108  0.035779     0.655129
0         250        125  0.137164  0.034759     0.372759
0         500        250  0.094172  0.042914     0.212095
0         750        375  0.081756  0.034759     0.120679
0        1000        500  0.073652  0.034759     0.068665
0        1250        625   0.07435  0.034759     0.068665
0        1500        750  0.095351  0.044953     0.017439
0        1750        875  0.069954  0.038837     0.068665
0        2000       1000  0.074487  0.034759     0.068665
----------------------
\cut_off_freq: 12
  window_size step_width  Mean_EER median_nu median_gamma
0         125         62  0.177618   0.03272     0.655129
0         250        125  0.136941  0.052089     0.655129
0         500        250  0.094036  0.042914     0.212095
0         750        375  0.081914  0.034759     0.120679
0        1000        500  0.076534  0.034759     0.120679
0        1250        625  0.085707  0.041895     0.039069
0        1500        750  0.092183  0.043934      0.02223
0        1750        875  0.070297  0.040876     0.068665
0        2000       1000  0.070921  0.034759     0.068665
----------------------
\cut_off_freq: 13
  window_size step_width  Mean_EER median_nu median_gamma
0         125         62  0.175493   0.03374     0.655129
0         250        125  0.134694  0.035779     0.655129
0         500        250  0.093545  0.049031     0.212095
0         750        375  0.081411  0.034759     0.120679
0        1000        500  0.077407  0.034759     0.068665
0        1250        625   0.08815  0.036798     0.039069
0        1500        750   0.08768  0.037817      0.03065
0        1750        875  0.073787  0.051069     0.068665
0        2000       1000  0.079342  0.034759     0.068665
----------------------
\cut_off_freq: 14
  window_size step_width  Mean_EER median_nu median_gamma
0         125         62  0.174929  0.031701     0.655129
0         250        125  0.133353   0.03374     0.372759
0         500        250  0.095289   0.03374     0.212095
0         750        375   0.08455  0.039856     0.120679
0        1000        500  0.076739  0.034759     0.053867
0        1250        625  0.104548  0.045972     0.017439
0        1500        750   0.08424  0.034759     0.053867
0        1750        875  0.074519  0.034759     0.068665
0        2000       1000  0.076566  0.034759     0.068665
----------------------
\cut_off_freq: 15
  window_size step_width  Mean_EER median_nu median_gamma
0         125         62   0.17555  0.035779     0.655129
0         250        125  0.133569  0.055147     0.372759
0         500        250  0.095587  0.034759     0.166387
0         750        375  0.087684  0.034759     0.120679
0        1000        500  0.074005  0.034759     0.068665
0        1250        625  0.083947   0.03374     0.068665
0        1500        750  0.084864  0.036798     0.039069
0        1750        875  0.071854  0.041895     0.068665
0        2000       1000  0.083895  0.029662     0.040657
----------------------
\cut_off_freq: 16
  window_size step_width  Mean_EER median_nu median_gamma
0         125         62  0.174417  0.034759     0.655129
0         250        125  0.132871  0.041895     0.372759
0         500        250  0.096386  0.038837     0.212095
0         750        375  0.085211  0.036798     0.120679
0        1000        500  0.070751  0.031701     0.068665
0        1250        625  0.096308  0.042914      0.02223
0        1500        750  0.097193  0.034759     0.017439
0        1750        875  0.071487  0.044953     0.068665
0        2000       1000  0.074658  0.039856     0.068665