
----------------------------------------2023/06/16-04:38:11----------------------------------------

----------------------------------------final_experiments_results/WACA-OCSVM/overlap_Mean_EER_df_train_dict.txt----------------------------------------

----------------------
\overlap: 0.01
  window_size step_width  Mean_EER median_nu median_gamma
0         125        123  0.178711  0.036798     0.513944
0         250        247  0.135415   0.03272     0.372759
0         500        495  0.103221  0.034759     0.120679
0         750        742  0.093111  0.034759     0.120679
0        1000        990  0.084248  0.024565     0.120679
0        1250       1237  0.067582  0.027623     0.120679
0        1500       1485  0.087632  0.034759     0.039069
0        1750       1732  0.084649  0.034759     0.039069
0        2000       1980  0.087342  0.021507     0.068665
----------------------
\overlap: 0.05
  window_size step_width  Mean_EER median_nu median_gamma
0         125        118  0.173527  0.031701     0.372759
0         250        237  0.143825  0.038837     0.372759
0         500        475  0.108074  0.034759     0.212095
0         750        712  0.089247   0.03374     0.120679
0        1000        950  0.089498  0.034759     0.120679
0        1250       1187  0.091362  0.034759     0.068665
0        1500       1425  0.078477   0.03272     0.120679
0        1750       1662  0.098531  0.024565     0.039069
0        2000       1900  0.089139   0.03272     0.039069
----------------------
\overlap: 0.09
  window_size step_width  Mean_EER median_nu median_gamma
0         125        113   0.17977  0.046992     0.513944
0         250        227  0.140237  0.030682     0.212095
0         500        455  0.106928   0.03272     0.120679
0         750        682  0.105149  0.041895     0.120679
0        1000        910  0.097201  0.034759     0.068665
0        1250       1137  0.099751  0.024565     0.068665
0        1500       1365  0.106246  0.025585     0.039069
0        1750       1592   0.09253  0.034759      0.02223
0        2000       1820  0.114019  0.024565      0.02223
----------------------
\overlap: 0.13
  window_size step_width  Mean_EER median_nu median_gamma
0         125        108   0.17817   0.03272     0.292427
0         250        217  0.135781  0.052089     0.513944
0         500        435  0.101513  0.035779     0.120679
0         750        652   0.08347  0.034759     0.120679
0        1000        870  0.089039   0.03374     0.068665
0        1250       1087  0.081177  0.037817     0.120679
0        1500       1305  0.093667  0.023546     0.068665
0        1750       1522  0.104089  0.025585      0.03065
0        2000       1740  0.097464  0.022527     0.039069
----------------------
\overlap: 0.17
  window_size step_width  Mean_EER median_nu median_gamma
0         125        103  0.175259  0.036798     0.372759
0         250        207  0.136704  0.034759     0.372759
0         500        415  0.106963  0.034759     0.120679
0         750        622  0.085526  0.034759     0.120679
0        1000        830  0.083495  0.026604     0.068665
0        1250       1037  0.075026  0.034759     0.068665
0        1500       1245  0.093092  0.031701     0.053867
0        1750       1452  0.093741  0.028643     0.039069
0        2000       1660  0.075658  0.024565     0.068665
----------------------
\overlap: 0.21
  window_size step_width  Mean_EER median_nu median_gamma
0         125         98  0.175657  0.030682     0.372759
0         250        197  0.141209  0.034759     0.372759
0         500        395   0.10746  0.037817     0.120679
0         750        592  0.091767  0.034759     0.094672
0        1000        790  0.095607  0.040876     0.068665
0        1250        987  0.080326   0.03374     0.120679
0        1500       1185  0.081254  0.034759     0.068665
0        1750       1382  0.082613  0.040876     0.053867
0        2000       1580  0.063502   0.03374     0.068665
----------------------
\overlap: 0.25
  window_size step_width  Mean_EER median_nu median_gamma
0         125         93  0.176412  0.042914     0.655129
0         250        187  0.139552  0.034759     0.372759
0         500        375  0.103995  0.036798     0.372759
0         750        562  0.085071  0.034759     0.120679
0        1000        750  0.092583  0.043934     0.120679
0        1250        937  0.099761  0.034759     0.068665
0        1500       1125  0.088129  0.034759     0.068665
0        1750       1312  0.096263  0.035779     0.039069
0        2000       1500  0.092409  0.034759      0.03065
----------------------
\overlap: 0.29
  window_size step_width  Mean_EER median_nu median_gamma
0         125         88  0.176337   0.03272     0.372759
0         250        177  0.132908  0.031701     0.212095
0         500        355  0.107799   0.03272     0.120679
0         750        532  0.084339   0.03374     0.120679
0        1000        710  0.085454  0.034759     0.120679
0        1250        887  0.085057   0.05005     0.068665
0        1500       1065   0.07518  0.030682     0.120679
0        1750       1242   0.06824  0.034759     0.068665
0        2000       1420  0.077312  0.028643     0.068665
----------------------
\overlap: 0.33
  window_size step_width  Mean_EER median_nu median_gamma
0         125         83  0.178575  0.042914     0.655129
0         250        167  0.133977  0.037817     0.372759
0         500        334  0.101095  0.030682     0.212095
0         750        502  0.086772  0.034759     0.120679
0        1000        669  0.098465  0.042914     0.120679
0        1250        837  0.078487   0.03272     0.120679
0        1500       1004  0.082237  0.034759     0.068665
0        1750       1172  0.078731  0.036798     0.039069
0        2000       1339  0.080456  0.034759     0.068665
----------------------
\overlap: 0.37
  window_size step_width  Mean_EER median_nu median_gamma
0         125         78  0.176014  0.035779     0.655129
0         250        157  0.134161  0.042914     0.372759
0         500        315  0.095343  0.034759     0.212095
0         750        472  0.086646  0.034759     0.120679
0        1000        630  0.095798  0.034759     0.068665
0        1250        787  0.090698  0.034759     0.068665
0        1500        945   0.07515  0.034759     0.120679
0        1750       1102  0.095234  0.025585     0.053867
0        2000       1260  0.084326  0.023546     0.039069
----------------------
\overlap: 0.41000000000000003
  window_size step_width  Mean_EER median_nu median_gamma
0         125         73  0.174672  0.039856     0.655129
0         250        147  0.134007  0.042914     0.372759
0         500        295  0.106278  0.034759     0.212095
0         750        442  0.087254   0.03272     0.068665
0        1000        590   0.08606  0.030682     0.120679
0        1250        737  0.085175  0.034759     0.094672
0        1500        885  0.073066  0.034759     0.068665
0        1750       1032  0.105249  0.034759     0.012649
0        2000       1180  0.063638  0.034759     0.068665
----------------------
\overlap: 0.45
  window_size step_width  Mean_EER median_nu median_gamma
0         125         68  0.174119  0.035779     0.655129
0         250        137  0.130899  0.042914     0.372759
0         500        275  0.101811  0.041895     0.166387
0         750        412     0.091   0.03374     0.094672
0        1000        550  0.083272  0.035779     0.120679
0        1250        687  0.087323  0.046992     0.068665
0        1500        825  0.086776  0.040876     0.039069
0        1750        962  0.076767  0.034759     0.068665
0        2000       1100  0.078289   0.03374     0.094672
----------------------
\overlap: 0.49
  window_size step_width  Mean_EER median_nu median_gamma
0         125         63  0.175018  0.040876     0.655129
0         250        127  0.134892  0.036798     0.372759
0         500        255  0.103392  0.031701     0.166387
0         750        382  0.091793  0.034759     0.120679
0        1000        510  0.081329  0.034759     0.068665
0        1250        637  0.073947  0.034759     0.053867
0        1500        765  0.072014  0.034759     0.120679
0        1750        892  0.084904  0.034759     0.039069
0        2000       1020   0.07374   0.03272     0.068665
----------------------
\overlap: 0.53
  window_size step_width  Mean_EER median_nu median_gamma
0         125         58  0.173023  0.042914     0.655129
0         250        117  0.135572  0.030682     0.372759
0         500        235  0.104453   0.03374     0.120679
0         750        352  0.085667  0.035779     0.120679
0        1000        470  0.102375  0.034759     0.053867
0        1250        587  0.088437  0.041895     0.068665
0        1500        705  0.079539  0.034759     0.053867
0        1750        822  0.071974  0.035779     0.068665
0        2000        940  0.085376  0.040876     0.068665
----------------------
\overlap: 0.5700000000000001
  window_size step_width  Mean_EER median_nu median_gamma
0         125         53  0.172155  0.055147     0.655129
0         250        107  0.132665  0.042914     0.655129
0         500        214  0.099504  0.034759     0.212095
0         750        322  0.083651  0.036798     0.120679
0        1000        429  0.085045  0.035779     0.120679
0        1250        537  0.080192  0.034759     0.068665
0        1500        644  0.089321  0.034759     0.053867
0        1750        752  0.076113  0.034759     0.094672
0        2000        859  0.084703  0.034759      0.03065
----------------------
\overlap: 0.61
  window_size step_width  Mean_EER median_nu median_gamma
0         125         48  0.170891  0.037817     0.655129
0         250         97  0.129653  0.040876     0.655129
0         500        195   0.09852  0.034759     0.212095
0         750        292  0.098538  0.035779     0.039069
0        1000        390  0.083578  0.035779     0.068665
0        1250        487  0.086098  0.034759     0.068665
0        1500        585  0.084505   0.03374     0.053867
0        1750        682  0.081933  0.040876     0.039069
0        2000        780  0.068179  0.034759     0.068665
----------------------
\overlap: 0.65
  window_size step_width  Mean_EER median_nu median_gamma
0         125         43  0.172321  0.036798     0.655129
0         250         87  0.129026   0.03272     0.655129
0         500        175  0.100941  0.034759     0.166387
0         750        262  0.086977   0.03374     0.120679
0        1000        350  0.077196  0.035779     0.120679
0        1250        437   0.10151  0.041895     0.025859
0        1500        525  0.075443   0.03272     0.120679
0        1750        612  0.073857   0.03272     0.053867
0        2000        700  0.082425  0.034759     0.039069
----------------------
\overlap: 0.6900000000000001
  window_size step_width  Mean_EER median_nu median_gamma
0         125         38  0.171034  0.039856     0.655129
0         250         77  0.128396  0.034759     0.655129
0         500        154   0.10598  0.034759     0.120679
0         750        232  0.087682  0.034759     0.120679
0        1000        309  0.078024  0.034759     0.120679
0        1250        387   0.08082  0.031701     0.094672
0        1500        464   0.10022  0.038837     0.012649
0        1750        542  0.072164  0.034759     0.068665
0        2000        619  0.068166  0.029662     0.068665
----------------------
\overlap: 0.73
  window_size step_width  Mean_EER median_nu median_gamma
0         125         33  0.168319  0.040876     0.655129
0         250         67  0.127707  0.042914     0.655129
0         500        135  0.093334  0.042914     0.212095
0         750        202  0.087124   0.03272     0.166387
0        1000        270  0.075982  0.030682     0.120679
0        1250        337  0.082012   0.03272     0.120679
0        1500        405  0.094608  0.036798      0.02223
0        1750        472   0.08543  0.040876     0.039069
0        2000        540  0.082632  0.031701      0.02223
----------------------
\overlap: 0.77
  window_size step_width  Mean_EER median_nu median_gamma
0         125         28  0.170159   0.03272     0.655129
0         250         57  0.126437  0.042914     0.655129
0         500        114  0.100072  0.035779     0.166387
0         750        172  0.083925  0.034759     0.120679
0        1000        229  0.077787  0.034759     0.120679
0        1250        287  0.077075  0.034759     0.068665
0        1500        345  0.091279  0.035779     0.039069
0        1750        402  0.097072  0.034759      0.02223
0        2000        459  0.076391   0.03374      0.03065
----------------------
\overlap: 0.81
  window_size step_width  Mean_EER median_nu median_gamma
0         125         23  0.169817  0.038837     0.655129
0         250         47   0.12553  0.042914     0.655129
0         500         94  0.095199  0.042914     0.292427
0         750        142  0.083307  0.034759     0.120679
0        1000        189  0.074772   0.03374     0.120679
0        1250        237  0.077892  0.036798     0.094672
0        1500        284  0.084279  0.035779     0.068665
0        1750        332  0.102319  0.037817     0.005646
0        2000        379  0.096166  0.035779     0.012649
----------------------
\overlap: 0.85
  window_size step_width  Mean_EER median_nu median_gamma
0         125         18  0.169454   0.05005     0.655129
0         250         37  0.123796  0.042914     0.655129
0         500         75  0.094747  0.035779     0.212095
0         750        112   0.08399   0.03374     0.120679
0        1000        150  0.077539  0.031701     0.068665
0        1250        187  0.108364  0.034759     0.004095
0        1500        225    0.1081  0.039856      0.00233
0        1750        262  0.101817  0.037817     0.005646
0        2000        300  0.072142  0.034759     0.039069
----------------------
\overlap: 0.89
  window_size step_width  Mean_EER median_nu median_gamma
0         125         13  0.165972  0.043934     0.655129
0         250         27  0.123907  0.039856     0.655129
0         500         54  0.092819   0.03272     0.212095
0         750         82  0.081967  0.034759     0.094672
0        1000        109  0.070581  0.031701     0.120679
0        1250        137  0.077027  0.039856     0.068665
0        1500        164   0.07661  0.028643     0.053867
0        1750        192  0.092228  0.034759     0.023133
0        2000        219  0.064023  0.031701     0.120679
----------------------
\overlap: 0.93
  window_size step_width  Mean_EER median_nu median_gamma
0         125          8  0.166959   0.03374     0.655129
0         250         17  0.121787  0.042914     0.655129
0         500         34  0.091045   0.03272     0.212095
0         750         52  0.080578  0.030682     0.120679
0        1000         69  0.069827  0.034759     0.120679
0        1250         87  0.077419  0.031701     0.053867
0        1500        104  0.076671  0.028643     0.068665
0        1750        122  0.088444  0.023546      0.02223
0        2000        139   0.09375  0.023546     0.004095