
----------------------------------------2023/06/03-17:41:47----------------------------------------

----------------------------------------final_experiments_results/WACA-OCSVM/SMA_Mean_EER_Naive_df_train_dict.txt----------------------------------------

----------------------
\SMA winsize: 1
  window_size step_width  Mean_EER median_nu median_gamma
0         125         62  0.170685  0.042914     0.655129
0         250        125  0.133853  0.038837     0.655129
0         500        250  0.097831  0.040876     0.372759
0         750        375  0.091995  0.035779     0.120679
0        1000        500  0.077946  0.034759     0.120679
0        1250        625  0.082887  0.034759     0.068665
0        1500        750  0.092836  0.034759      0.03065
0        1750        875  0.072403  0.035779     0.068665
0        2000       1000  0.079579  0.035779     0.039069
----------------------
\SMA winsize: 5
  window_size step_width  Mean_EER median_nu median_gamma
0         125         62  0.174786  0.035779     0.655129
0         250        125  0.136773  0.042914     0.372759
0         500        250  0.101088  0.042914     0.212095
0         750        375  0.085919  0.034759     0.120679
0        1000        500  0.074506  0.034759     0.068665
0        1250        625  0.078758  0.038837     0.039069
0        1500        750  0.095322  0.040876     0.017439
0        1750        875  0.099588  0.045972     0.014713
0        2000       1000  0.090711  0.034759      0.02223
----------------------
\SMA winsize: 9
  window_size step_width  Mean_EER median_nu median_gamma
0         125         62  0.171065  0.042914     0.655129
0         250        125  0.137405  0.058205     0.372759
0         500        250  0.103878  0.034759     0.120679
0         750        375  0.082234  0.035779     0.094672
0        1000        500  0.074217  0.038837     0.068665
0        1250        625  0.072459  0.042914     0.045447
0        1500        750  0.087018  0.040876     0.012649
0        1750        875  0.072632  0.040876      0.02223
0        2000       1000  0.082526  0.038837      0.02223
----------------------
\SMA winsize: 13
  window_size step_width  Mean_EER median_nu median_gamma
0         125         62  0.175266  0.036798     0.655129
0         250        125  0.139127  0.039856     0.372759
0         500        250  0.101585   0.03272     0.120679
0         750        375  0.087703  0.036798     0.068665
0        1000        500    0.0757   0.03374     0.068665
0        1250        625  0.070584   0.03374     0.068665
0        1500        750  0.068158  0.055147     0.053867
0        1750        875  0.078387  0.044953     0.017439
0        2000       1000  0.064303  0.038837     0.053867
----------------------
\SMA winsize: 17
  window_size step_width  Mean_EER median_nu median_gamma
0         125         62  0.176332  0.042914     0.655129
0         250        125  0.137805  0.042914     0.372759
0         500        250  0.102492  0.051069     0.120679
0         750        375   0.09889  0.036798     0.039069
0        1000        500  0.076964  0.042914     0.053867
0        1250        625  0.093298  0.042914     0.009923
0        1500        750  0.084055  0.044953     0.005646
0        1750        875  0.057151  0.040876     0.068665
0        2000       1000  0.058579  0.056166     0.039069
----------------------
\SMA winsize: 21
  window_size step_width  Mean_EER median_nu median_gamma
0         125         62  0.175776  0.031701     0.655129
0         250        125  0.139176  0.045972     0.372759
0         500        250  0.106801  0.034759     0.120679
0         750        375  0.116191  0.036798     0.014713
0        1000        500  0.075661  0.044953     0.068665
0        1250        625  0.076127  0.039856     0.039069
0        1500        750  0.075867  0.036798     0.013162
0        1750        875  0.061613  0.036798     0.039069
0        2000       1000  0.058118  0.044953      0.03065
----------------------
\SMA winsize: 25
  window_size step_width  Mean_EER median_nu median_gamma
0         125         62  0.176383   0.03272     0.655129
0         250        125  0.138268  0.049031     0.372759
0         500        250  0.102869   0.03272     0.120679
0         750        375  0.090775  0.040876     0.068665
0        1000        500  0.076232  0.041895     0.068665
0        1250        625  0.074803  0.040876     0.039069
0        1500        750  0.081131  0.038837     0.004095
0        1750        875  0.068227  0.056166     0.039069
0        2000       1000  0.065632  0.035779     0.017439
----------------------
\SMA winsize: 29
  window_size step_width  Mean_EER median_nu median_gamma
0         125         62  0.172778  0.037817     0.655129
0         250        125  0.133027  0.036798     0.212095
0         500        250  0.101436  0.034759     0.120679
0         750        375  0.092675  0.034759     0.068665
0        1000        500  0.079852  0.055147     0.053867
0        1250        625  0.092393  0.035779     0.012649
0        1500        750  0.071832  0.039856     0.012649
0        1750        875  0.065904  0.041895     0.039069
0        2000       1000  0.065026  0.038837     0.012649
----------------------
\SMA winsize: 33
  window_size step_width  Mean_EER median_nu median_gamma
0         125         62  0.169383  0.042914     0.655129
0         250        125  0.125213  0.034759     0.212095
0         500        250  0.100269   0.03272     0.094672
0         750        375  0.092249  0.034759     0.068665
0        1000        500  0.080571  0.059224     0.068665
0        1250        625  0.069581  0.051069     0.068665
0        1500        750  0.059903  0.040876     0.039069
0        1750        875  0.069165  0.040876     0.017439
0        2000       1000  0.057763   0.03374     0.039069
----------------------
\SMA winsize: 37
  window_size step_width  Mean_EER median_nu median_gamma
0         125         62  0.164812   0.03272     0.655129
0         250        125  0.125756   0.03272     0.292427
0         500        250  0.094908  0.042914     0.094672
0         750        375   0.08778  0.036798     0.068665
0        1000        500  0.073261  0.053108     0.120679
0        1250        625  0.067706  0.040876     0.053867
0        1500        750  0.065585  0.040876     0.039069
0        1750        875  0.081396  0.046992     0.012649
0        2000       1000  0.067513  0.051069      0.02223
----------------------
\SMA winsize: 41
  window_size step_width  Mean_EER median_nu median_gamma
0         125         62  0.160801  0.039856     0.655129
0         250        125  0.122888  0.034759     0.292427
0         500        250  0.091807  0.034759     0.120679
0         750        375  0.081158  0.034759     0.120679
0        1000        500  0.073915  0.038837     0.068665
0        1250        625   0.07037  0.043934     0.068665
0        1500        750  0.067222  0.038837     0.039069
0        1750        875  0.086442  0.046992     0.012649
0        2000       1000  0.062947  0.034759     0.068665
----------------------
\SMA winsize: 45
  window_size step_width  Mean_EER median_nu median_gamma
0         125         62  0.157618  0.038837     0.655129
0         250        125  0.121963  0.036798     0.212095
0         500        250  0.093561  0.042914     0.166387
0         750        375  0.081416  0.036798     0.120679
0        1000        500  0.073158  0.038837     0.068665
0        1250        625  0.072911  0.040876     0.068665
0        1500        750  0.065712  0.037817     0.039069
0        1750        875  0.088844  0.042914     0.012649
0        2000       1000  0.066605  0.040876     0.039069
----------------------
\SMA winsize: 49
  window_size step_width  Mean_EER median_nu median_gamma
0         125         62  0.157747  0.037817     0.655129
0         250        125  0.120715   0.03272     0.212095
0         500        250   0.09254  0.037817     0.120679
0         750        375  0.081923   0.03272     0.120679
0        1000        500   0.07346  0.044953     0.120679
0        1250        625  0.080724  0.036798     0.039069
0        1500        750  0.068168  0.036798     0.039069
0        1750        875  0.090629  0.036798     0.012649
0        2000       1000  0.063763  0.036798     0.039069
----------------------

Sorting based on Mean EER among windows
1) (41, 0.09083903603111006)
2) (45, 0.09130978080119961)
3) (33, 0.09156626955579374)
4) (37, 0.0920795737043822)
5) (49, 0.0921854417596703)
6) (13, 0.09564585320549027)
7) (25, 0.09714659404236994)
8) (29, 0.0972138258819971)
9) (9, 0.09815923561567895)
10) (21, 0.09837013569565206)
11) (17, 0.09839616023274012)
12) (1, 0.10000163834175774)
13) (5, 0.1041610267785996)
