
----------------------------------------2023/05/31-02:52:43----------------------------------------

----------------------------------------final_experiments_results/WACA-IF/Butterworth_Mean_EER_Naive_df_train_dict.txt----------------------------------------

----------------------
\cut_off_freq: 48
  window_size step_width  Mean_EER median_n_estimators median_max_samples median_contamination median_max_features
0         125         62   0.26891                  50                0.1                 0.01                 0.5
0         250        125  0.245761                  50                0.1                 0.01                0.75
0         500        250  0.236284                  50                0.1                 0.01                 0.5
0         750        375  0.289962                  50                0.1                 0.01                0.75
0        1000        500  0.295071                  50                0.1                 0.01                 1.0
0        1250        625  0.349465                  50                0.1                 0.01                 0.5
0        1500        750       0.5                  50                0.1                 0.01                0.75
0        1750        875       0.5                  50                0.1                 0.01                0.75
0        2000       1000       0.5                  50                0.1                 0.01                0.75
----------------------
\cut_off_freq: 49
  window_size step_width  Mean_EER median_n_estimators median_max_samples median_contamination median_max_features
0         125         62  0.268516                  50                0.1                 0.01                 0.5
0         250        125  0.245044                  50                0.1                 0.01                0.75
0         500        250  0.233297                  50                0.1                 0.01                 0.5
0         750        375  0.280167                  50                0.1                 0.01                 0.5
0        1000        500  0.293524                  50                0.1                 0.01                 1.0
0        1250        625   0.34847                  50                0.1                 0.01                0.75
0        1500        750       0.5                  50                0.1                 0.01                0.75
0        1750        875       0.5                  50                0.1                 0.01                0.75
0        2000       1000       0.5                  50                0.1                 0.01                0.75
----------------------

Sorting based on Mean EER among windows
1) (49, 0.35211327223671174)
2) (48, 0.3539392072673743)
