
----------------------------------------2023/05/31-04:20:31----------------------------------------

----------------------
\cut_off_freq, span: (21, 30)
  window_size step_width  Mean_EER median_n_estimators median_max_samples median_contamination median_max_features
0         125         62  0.260766                  50                0.1                 0.01                 0.5
0         250        125  0.237216                  50                0.1                 0.01                 0.5
0         500        250  0.249341                  50                0.1                 0.01                0.75
0         750        375   0.27656                  50                0.1                 0.01                 1.0
0        1000        500  0.307529                  50                0.1                 0.01                 0.5
0        1250        625   0.34898                  50                0.1                 0.01                 1.0
0        1500        750       0.5                  50                0.1                 0.01                0.75
0        1750        875       0.5                  50                0.1                 0.01                0.75
0        2000       1000       0.5                  50                0.1                 0.01                0.75
----------------------
\cut_off_freq, span: (23, 14)
  window_size step_width  Mean_EER median_n_estimators median_max_samples median_contamination median_max_features
0         125         62  0.269252                  50                0.1                 0.01                 0.5
0         250        125  0.237539                  50                0.1                 0.01                 0.5
0         500        250  0.236487                  50                0.1                 0.01                 0.5
0         750        375  0.270086                  50                0.1                 0.01                 1.0
0        1000        500  0.300417                  50                0.1                 0.01                 1.0
0        1250        625  0.349729                  50                0.1                 0.01                 1.0
0        1500        750       0.5                  50                0.1                 0.01                0.75
0        1750        875       0.5                  50                0.1                 0.01                0.75
0        2000       1000       0.5                  50                0.1                 0.01                0.75
----------------------
\cut_off_freq, span: (44, 43)
  window_size step_width  Mean_EER median_n_estimators median_max_samples median_contamination median_max_features
0         125         62  0.256766                  50                0.1                 0.01                 0.5
0         250        125  0.227367                  50                0.1                 0.01                 1.0
0         500        250  0.236658                  50                0.1                 0.01                 0.5
0         750        375  0.285215                  50                0.1                 0.01                0.75
0        1000        500  0.326207                  50                0.1                 0.01                 1.0
0        1250        625  0.358084                  50                0.1                 0.01                 1.0
0        1500        750       0.5                  50                0.1                 0.01                0.75
0        1750        875       0.5                  50                0.1                 0.01                0.75
0        2000       1000       0.5                  50                0.1                 0.01                0.75
----------------------

Sorting based on Mean EER among windows
1) ((23, 14), 0.3515010516844172)
2) ((21, 30), 0.3533767878840229)
3) ((44, 43), 0.3544773892771994)
