
----------------------------------------2023/05/31-04:53:03----------------------------------------

----------------------
\cut_off_freq, span: (21, 30)
  window_size step_width  Mean_EER median_n_estimators median_max_samples median_contamination median_max_features
0         125         62  0.339108                  50                0.1                 0.01                 0.5
0         250        125  0.288813                  50                0.1                 0.01                 0.5
0         500        250  0.265282                  50                0.1                 0.01                 0.5
0         750        375  0.291373                  50                0.1                 0.01                 1.0
0        1000        500  0.319801                  50                0.1                 0.01                 0.5
0        1250        625  0.354605                  50                0.1                 0.01                 1.0
0        1500        750       0.5                  50                0.1                 0.01                0.75
0        1750        875       0.5                  50                0.1                 0.01                0.75
0        2000       1000       0.5                  50                0.1                 0.01                0.75
----------------------
\cut_off_freq, span: (23, 14)
  window_size step_width  Mean_EER median_n_estimators median_max_samples median_contamination median_max_features
0         125         62  0.294695                  50                0.1                 0.01                 0.5
0         250        125  0.251046                  50                0.1                 0.01                 0.5
0         500        250  0.241547                  50                0.1                 0.01                 0.5
0         750        375  0.273416                  50                0.1                 0.01                 1.0
0        1000        500  0.305141                  50                0.1                 0.01                 1.0
0        1250        625  0.351875                  50                0.1                 0.01                 1.0
0        1500        750       0.5                  50                0.1                 0.01                0.75
0        1750        875       0.5                  50                0.1                 0.01                0.75
0        2000       1000       0.5                  50                0.1                 0.01                0.75
----------------------
\cut_off_freq, span: (44, 43)
  window_size step_width  Mean_EER median_n_estimators median_max_samples median_contamination median_max_features
0         125         62  0.370519                  50                0.1                 0.01                 0.5
0         250        125   0.33297                  50                0.1                 0.01                0.75
0         500        250   0.28747                  50                0.1                 0.01                 0.5
0         750        375  0.320708                  50                0.1                 0.01                0.75
0        1000        500  0.343325                  50                0.1                 0.01                 0.5
0        1250        625  0.367393                  50                0.1                 0.01                 1.0
0        1500        750       0.5                  50                0.1                 0.01                0.75
0        1750        875       0.5                  50                0.1                 0.01                0.75
0        2000       1000       0.5                  50                0.1                 0.01                0.75
----------------------

Sorting based on Mean EER among windows
1) ((23, 14), 0.3575245243314453)
2) ((21, 30), 0.37322037039012557)
3) ((44, 43), 0.3913760847707673)
