
----------------------------------------2023/05/31-07:20:07----------------------------------------

----------------------
\cut_off_freq, winsize: (21, 30)
  window_size step_width  Mean_EER median_n_estimators median_max_samples median_contamination median_max_features
0         125         62  0.272938                  50                0.1                 0.01                0.75
0         250        125  0.240808                  50                0.1                 0.01                 1.0
0         500        250  0.250745                  50                0.1                 0.01                 0.5
0         750        375  0.298249                  50                0.1                 0.01                0.75
0        1000        500  0.329499                  50                0.1                 0.01                 1.0
0        1250        625  0.362673                  50                0.1                 0.01                 1.0
0        1500        750       0.5                  50                0.1                 0.01                0.75
0        1750        875       0.5                  50                0.1                 0.01                0.75
0        2000       1000       0.5                  50                0.1                 0.01                0.75
----------------------
\cut_off_freq, winsize: (23, 14)
  window_size step_width  Mean_EER median_n_estimators median_max_samples median_contamination median_max_features
0         125         62  0.277368                  50                0.1                 0.01                 0.5
0         250        125  0.253377                  50                0.1                 0.01                0.75
0         500        250  0.246858                  50                0.1                 0.01                 0.5
0         750        375  0.285517                  50                0.1                 0.01                 0.5
0        1000        500  0.303703                  50                0.1                 0.01                 1.0
0        1250        625  0.360905                  50                0.1                 0.01                 1.0
0        1500        750       0.5                  50                0.1                 0.01                0.75
0        1750        875       0.5                  50                0.1                 0.01                0.75
0        2000       1000       0.5                  50                0.1                 0.01                0.75
----------------------
\cut_off_freq, winsize: (44, 43)
  window_size step_width  Mean_EER median_n_estimators median_max_samples median_contamination median_max_features
0         125         62  0.259693                  50                0.1                 0.01                 0.5
0         250        125  0.239267                  50                0.1                 0.01                 0.5
0         500        250  0.261579                  50                0.1                 0.01                 0.5
0         750        375  0.299498                  50                0.1                 0.01                0.75
0        1000        500  0.324095                  50                0.1                 0.01                 1.0
0        1250        625  0.363092                  50                0.1                 0.01                 1.0
0        1500        750       0.5                  50                0.1                 0.01                0.75
0        1750        875       0.5                  50                0.1                 0.01                0.75
0        2000       1000       0.5                  50                0.1                 0.01                0.75
----------------------

Sorting based on Mean EER among windows
1) ((23, 14), 0.35863637181372776)
2) ((44, 43), 0.3608026690484245)
3) ((21, 30), 0.3616569771700736)
