
----------------------------------------2023/06/12-08:48:08----------------------------------------

----------------------
\cut_off_freq: 49
  window_size step_width  Mean_EER median_n_estimators median_max_samples median_contamination median_max_features
0         125         62  0.215127                 100                0.8             0.053108                 0.4
0         250        125  0.176993                  50                0.9             0.046992                 0.4
0         500        250  0.138228                 100                0.9             0.042914                 0.3
0         750        375  0.131201                 100               0.75             0.046992                 0.4
0        1000        500  0.123626                 100                0.8              0.06738                 0.5
0        1250        625  0.117303                 100                0.8             0.040876                 0.5
0        1500        750  0.119688                 100                0.8             0.063302                 0.5
0        1750        875  0.114657                 100                0.8             0.053108                 0.5
0        2000       1000  0.105763                 200                0.8             0.037817                 0.5
----------------------
\cut_off_freq: 33
  window_size step_width  Mean_EER median_n_estimators median_max_samples median_contamination median_max_features
0         125         62  0.215447                  50                0.9             0.046992                 0.4
0         250        125  0.179483                  50                0.8             0.053108                 0.4
0         500        250  0.147987                  50                0.9             0.059224                 0.4
0         750        375  0.132019                 100                0.8             0.058205                 0.4
0        1000        500  0.127638                 100                0.8              0.06738                 0.6
0        1250        625  0.117516                 100                0.8             0.046992                 0.4
0        1500        750  0.123148                 100                0.8             0.061263                 0.5
0        1750        875  0.124954                 100                0.7             0.051069                 0.4
0        2000       1000  0.127211                 100                0.8             0.052089                 0.4
----------------------
\cut_off_freq: 33
  window_size step_width  Mean_EER median_n_estimators median_max_samples median_contamination median_max_features
0         125         62  0.215447                  50                0.9             0.046992                 0.4
0         250        125  0.179483                  50                0.8             0.053108                 0.4
0         500        250  0.147987                  50                0.9             0.059224                 0.4
0         750        375  0.132019                 100                0.8             0.058205                 0.4
0        1000        500  0.127638                 100                0.8              0.06738                 0.6
0        1250        625  0.117516                 100                0.8             0.046992                 0.4
0        1500        750  0.123148                 100                0.8             0.061263                 0.5
0        1750        875  0.124954                 100                0.7             0.051069                 0.4
0        2000       1000  0.127211                 100                0.8             0.052089                 0.4
----------------------

Sorting based on Mean EER among windows
1) (49, 0.13806515149774354)
2) (33, 0.14393375116684484)
