
----------------------------------------2023/05/31-07:54:05----------------------------------------

----------------------
\cut_off_freq, winsize: (21, 30)
  window_size step_width  Mean_EER median_n_estimators median_max_samples median_contamination median_max_features
0         125         62  0.455412                  50                0.1                 0.01                 0.5
0         250        125  0.449871                  50                0.1                 0.01                 0.5
0         500        250  0.455308                  50                0.1                 0.01                 1.0
0         750        375  0.464421                  50                0.1                 0.01                 1.0
0        1000        500  0.472015                  50                0.1                 0.01                 0.5
0        1250        625  0.469942                  50                0.1                 0.01                0.75
0        1500        750       0.5                  50                0.1                 0.01                0.75
0        1750        875       0.5                  50                0.1                 0.01                0.75
0        2000       1000       0.5                  50                0.1                 0.01                0.75
----------------------
\cut_off_freq, winsize: (23, 14)
  window_size step_width  Mean_EER median_n_estimators median_max_samples median_contamination median_max_features
0         125         62  0.416552                  50                0.1                 0.01                 0.5
0         250        125  0.396391                  50                0.1                 0.01                 0.5
0         500        250  0.371718                  50                0.1                 0.01                 0.5
0         750        375  0.401962                  50                0.1                 0.01                 0.5
0        1000        500  0.400379                  50                0.1                 0.01                 0.5
0        1250        625   0.44986                  50                0.1                 0.01                0.75
0        1500        750       0.5                  50                0.1                 0.01                0.75
0        1750        875       0.5                  50                0.1                 0.01                0.75
0        2000       1000       0.5                  50                0.1                 0.01                0.75
----------------------
\cut_off_freq, winsize: (44, 43)
  window_size step_width  Mean_EER median_n_estimators median_max_samples median_contamination median_max_features
0         125         62  0.466289                  50                0.1                 0.01                 0.5
0         250        125  0.465742                  50                0.1                 0.01                 0.5
0         500        250  0.465209                  50                0.1                 0.01                 0.5
0         750        375  0.464077                  50                0.1                 0.01                 0.5
0        1000        500  0.476316                  50                0.1                 0.01                 1.0
0        1250        625  0.494375                  50                0.1                 0.01                 0.5
0        1500        750       0.5                  50                0.1                 0.01                0.75
0        1750        875       0.5                  50                0.1                 0.01                0.75
0        2000       1000       0.5                  50                0.1                 0.01                0.75
----------------------

Sorting based on Mean EER among windows
1) ((23, 14), 0.43742920980317845)
2) ((21, 30), 0.47410772540639556)
3) ((44, 43), 0.4813342268680564)
