
----------------------------------------2023/05/31-06:02:52----------------------------------------

----------------------
\EMA span: 48
  window_size step_width  Mean_EER median_n_estimators median_max_samples median_contamination median_max_features
0         125         62  0.380154                  50                0.1                 0.01                 0.5
0         250        125  0.330927                  50                0.1                 0.01                 1.0
0         500        250  0.298897                  50                0.1                 0.01                 0.5
0         750        375  0.323364                  50                0.1                 0.01                0.75
0        1000        500  0.339454                  50                0.1                 0.01                 1.0
0        1250        625  0.377821                  50                0.1                 0.01                 1.0
0        1500        750       0.5                  50                0.1                 0.01                0.75
0        1750        875       0.5                  50                0.1                 0.01                0.75
0        2000       1000       0.5                  50                0.1                 0.01                0.75
----------------------
\EMA span: 49
  window_size step_width  Mean_EER median_n_estimators median_max_samples median_contamination median_max_features
0         125         62  0.382596                  50                0.1                 0.01                 0.5
0         250        125  0.333311                  50                0.1                 0.01                 1.0
0         500        250  0.300726                  50                0.1                 0.01                 0.5
0         750        375   0.31678                  50                0.1                 0.01                 0.5
0        1000        500  0.341694                  50                0.1                 0.01                 1.0
0        1250        625  0.376694                  50                0.1                 0.01                 1.0
0        1500        750       0.5                  50                0.1                 0.01                0.75
0        1750        875       0.5                  50                0.1                 0.01                0.75
0        2000       1000       0.5                  50                0.1                 0.01                0.75
----------------------

Sorting based on Mean EER among windows
1) (48, 0.3945128700053375)
2) (49, 0.3946446346217703)
