
----------------------------------------2023/05/31-05:39:39----------------------------------------

----------------------
\EMA span: 48
  window_size step_width  Mean_EER median_n_estimators median_max_samples median_contamination median_max_features
0         125         62  0.253055                  50                0.1                 0.01                 0.5
0         250        125  0.226789                  50                0.1                 0.01                 1.0
0         500        250  0.231268                  50                0.1                 0.01                 1.0
0         750        375  0.285756                  50                0.1                 0.01                0.75
0        1000        500  0.311534                  50                0.1                 0.01                 1.0
0        1250        625   0.36801                  50                0.1                 0.01                 1.0
0        1500        750       0.5                  50                0.1                 0.01                0.75
0        1750        875       0.5                  50                0.1                 0.01                0.75
0        2000       1000       0.5                  50                0.1                 0.01                0.75
----------------------
\EMA span: 49
  window_size step_width  Mean_EER median_n_estimators median_max_samples median_contamination median_max_features
0         125         62  0.251692                  50                0.1                 0.01                 0.5
0         250        125  0.246809                  50                0.1                 0.01                0.75
0         500        250  0.238091                  50                0.1                 0.01                 0.5
0         750        375  0.283785                  50                0.1                 0.01                 0.5
0        1000        500  0.313107                  50                0.1                 0.01                 1.0
0        1250        625  0.363487                  50                0.1                 0.01                 1.0
0        1500        750       0.5                  50                0.1                 0.01                0.75
0        1750        875       0.5                  50                0.1                 0.01                0.75
0        2000       1000       0.5                  50                0.1                 0.01                0.75
----------------------

Sorting based on Mean EER among windows
1) (48, 0.35293460492587175)
2) (49, 0.35521895329654174)
