
----------------------------------------2023/05/31-06:28:52----------------------------------------

----------------------
\SMA winsize: 48
  window_size step_width  Mean_EER median_n_estimators median_max_samples median_contamination median_max_features
0         125         62  0.253936                  50                0.1                 0.01                 0.5
0         250        125  0.238768                  50                0.1                 0.01                 1.0
0         500        250  0.258662                  50                0.1                 0.01                 0.5
0         750        375  0.287775                  50                0.1                 0.01                 1.0
0        1000        500  0.325757                  50                0.1                 0.01                 1.0
0        1250        625   0.37773                  50                0.1                 0.01                 1.0
0        1500        750       0.5                  50                0.1                 0.01                0.75
0        1750        875       0.5                  50                0.1                 0.01                0.75
0        2000       1000       0.5                  50                0.1                 0.01                0.75
----------------------
\SMA winsize: 49
  window_size step_width  Mean_EER median_n_estimators median_max_samples median_contamination median_max_features
0         125         62   0.25649                  50                0.1                 0.01                 0.5
0         250        125  0.240102                  50                0.1                 0.01                 1.0
0         500        250  0.257083                  50                0.1                 0.01                 0.5
0         750        375  0.290756                  50                0.1                 0.01                 1.0
0        1000        500  0.323967                  50                0.1                 0.01                 1.0
0        1250        625  0.377031                  50                0.1                 0.01                 1.0
0        1500        750       0.5                  50                0.1                 0.01                0.75
0        1750        875       0.5                  50                0.1                 0.01                0.75
0        2000       1000       0.5                  50                0.1                 0.01                0.75
----------------------

Sorting based on Mean EER among windows
1) (48, 0.36029201815380846)
2) (49, 0.3606032530198881)
