
----------------------------------------2023/05/31-06:53:13----------------------------------------

----------------------
\SMA winsize: 48
  window_size step_width  Mean_EER median_n_estimators median_max_samples median_contamination median_max_features
0         125         62  0.395932                  50                0.1                 0.01                 0.5
0         250        125  0.353787                  50                0.1                 0.01                 0.5
0         500        250    0.3202                  50                0.1                 0.01                 1.0
0         750        375  0.330483                  50                0.1                 0.01                 0.5
0        1000        500  0.359108                  50                0.1                 0.01                 1.0
0        1250        625  0.392196                  50                0.1                 0.01                 1.0
0        1500        750       0.5                  50                0.1                 0.01                0.75
0        1750        875       0.5                  50                0.1                 0.01                0.75
0        2000       1000       0.5                  50                0.1                 0.01                0.75
----------------------
\SMA winsize: 49
  window_size step_width  Mean_EER median_n_estimators median_max_samples median_contamination median_max_features
0         125         62  0.399714                  50                0.1                 0.01                 0.5
0         250        125  0.350235                  50                0.1                 0.01                 1.0
0         500        250  0.337435                  50                0.1                 0.01                0.75
0         750        375  0.330062                  50                0.1                 0.01                 1.0
0        1000        500  0.354185                  50                0.1                 0.01                 1.0
0        1250        625  0.389844                  50                0.1                 0.01                 1.0
0        1500        750       0.5                  50                0.1                 0.01                0.75
0        1750        875       0.5                  50                0.1                 0.01                0.75
0        2000       1000       0.5                  50                0.1                 0.01                0.75
----------------------

Sorting based on Mean EER among windows
1) (48, 0.4057450629865971)
2) (49, 0.4068305329492791)
