
----------------------------------------2023/06/15-11:58:19----------------------------------------

----------------------
\cut_off_freq, span: (19, 48)
  window_size step_width  Mean_EER median_n_neighbors median_contamination
0         125         62  0.315173                  8             0.049031
0         250        125  0.280184                  7             0.049031
0         500        250  0.233164                 16             0.049031
0         750        375  0.196029                 15             0.044953
0        1000        500  0.167715                 16             0.042914
0        1250        625  0.151439                 17             0.049031
0        1500        750  0.155604                 14             0.042914
0        1750        875  0.135526                 16             0.049031
0        2000       1000  0.141382                 14             0.049031
----------------------
\cut_off_freq, span: (46, 14)
  window_size step_width  Mean_EER median_n_neighbors median_contamination
0         125         62  0.204494                  9             0.049031
0         250        125  0.167145                 14             0.049031
0         500        250   0.12871                 12             0.055147
0         750        375  0.102464                 15             0.049031
0        1000        500  0.092073                 13             0.049031
0        1250        625  0.083553                 12             0.053108
0        1500        750  0.093567                 12             0.049031
0        1750        875  0.091934                 11             0.049031
0        2000       1000  0.109276                 11             0.045972
----------------------
\cut_off_freq, span: (40, 3)
  window_size step_width  Mean_EER median_n_neighbors median_contamination
0         125         62   0.17393                  8             0.042914
0         250        125  0.143382                 11             0.040876
0         500        250  0.107847                 15             0.049031
0         750        375  0.090048                 14             0.049031
0        1000        500  0.089377                 14             0.049031
0        1250        625  0.086678                 14             0.051069
0        1500        750  0.089425                 11             0.049031
0        1750        875  0.087185                  9             0.049031
0        2000       1000  0.111579                 11             0.040876
----------------------
\cut_off_freq, span: (47, 41)
  window_size step_width  Mean_EER median_n_neighbors median_contamination
0         125         62   0.29542                  9             0.042914
0         250        125   0.25899                  8             0.055147
0         500        250  0.215203                 12             0.042914
0         750        375  0.173923                 14             0.049031
0        1000        500  0.149615                 17             0.042914
0        1250        625  0.133553                 15             0.049031
0        1500        750  0.135234                 15             0.053108
0        1750        875  0.123455                 14             0.049031
0        2000       1000  0.136316                 11             0.041895
----------------------
\cut_off_freq, span: (31, 28)
  window_size step_width  Mean_EER median_n_neighbors median_contamination
0         125         62  0.257317                 11             0.042914
0         250        125  0.214946                  9             0.051069
0         500        250  0.166772                 15             0.055147
0         750        375  0.131388                 17             0.049031
0        1000        500  0.115565                 15             0.049031
0        1250        625  0.100247                 15             0.051069
0        1500        750  0.113645                 16             0.044953
0        1750        875  0.105034                 14             0.051069
0        2000       1000  0.114342                 12             0.048011
----------------------
\cut_off_freq, span: (24, 30)
  window_size step_width  Mean_EER median_n_neighbors median_contamination
0         125         62  0.263708                 12             0.045972
0         250        125   0.21995                 10             0.051069
0         500        250   0.17156                 16             0.055147
0         750        375  0.139593                 14             0.049031
0        1000        500   0.11948                 15             0.051069
0        1250        625  0.103043                 14              0.05005
0        1500        750  0.114864                 15             0.040876
0        1750        875  0.102517                 14             0.046992
0        2000       1000  0.109145                 12             0.049031
----------------------
\cut_off_freq, span: (5, 9)
  window_size step_width  Mean_EER median_n_neighbors median_contamination
0         125         62  0.220826                 10             0.051069
0         250        125  0.174921                 11             0.044953
0         500        250  0.143944                 12             0.049031
0         750        375  0.112129                 16             0.049031
0        1000        500  0.096791                 13             0.051069
0        1250        625  0.080345                 11             0.040876
0        1500        750  0.098294                 11             0.042914
0        1750        875  0.097654                 12             0.049031
0        2000       1000  0.110066                 11              0.05005
----------------------
\cut_off_freq, span: (49, 4)
  window_size step_width  Mean_EER median_n_neighbors median_contamination
0         125         62  0.174719                 11             0.042914
0         250        125  0.146573                 13             0.049031
0         500        250  0.114046                 14             0.051069
0         750        375  0.089833                 14             0.051069
0        1000        500  0.091303                 14             0.051069
0        1250        625  0.084375                 14             0.051069
0        1500        750  0.089571                 12             0.049031
0        1750        875  0.090847                 12             0.052089
0        2000       1000  0.102566                 11             0.044953
----------------------
\cut_off_freq, span: (31, 46)
  window_size step_width  Mean_EER median_n_neighbors median_contamination
0         125         62   0.30702                 12             0.045972
0         250        125  0.275205                  7             0.052089
0         500        250  0.228868                 15             0.051069
0         750        375  0.189258                 15             0.049031
0        1000        500  0.165148                 15             0.049031
0        1250        625  0.145271                 16             0.043934
0        1500        750   0.14576                 16             0.055147
0        1750        875  0.129119                 15             0.049031
0        2000       1000  0.135197                 14             0.055147
----------------------
\cut_off_freq, span: (16, 23)
  window_size step_width  Mean_EER median_n_neighbors median_contamination
0         125         62   0.24282                  8             0.055147
0         250        125  0.196856                  9             0.053108
0         500        250  0.149287                 14             0.049031
0         750        375   0.11799                 15             0.049031
0        1000        500  0.104814                 17             0.049031
0        1250        625   0.08972                 12             0.043934
0        1500        750  0.106433                 15             0.048011
0        1750        875  0.092963                 11             0.049031
0        2000       1000  0.108618                 11             0.040876
----------------------
\cut_off_freq, span: (41, 48)
  window_size step_width  Mean_EER median_n_neighbors median_contamination
0         125         62  0.312525                 11             0.046992
0         250        125  0.278364                  8             0.042914
0         500        250  0.240076                 11             0.051069
0         750        375  0.191818                 16             0.042914
0        1000        500  0.167298                 17             0.049031
0        1250        625  0.147492                 17             0.042914
0        1500        750  0.153411                 14             0.042914
0        1750        875  0.133696                 14             0.049031
0        2000       1000  0.148487                 12             0.049031
----------------------
\cut_off_freq, span: (4, 16)
  window_size step_width  Mean_EER median_n_neighbors median_contamination
0         125         62  0.259726                  6             0.042914
0         250        125  0.197723                  8             0.055147
0         500        250  0.151585                 15             0.053108
0         750        375  0.129593                 14             0.049031
0        1000        500  0.109756                 14              0.05005
0        1250        625  0.090173                 11             0.042914
0        1500        750  0.107797                 14             0.049031
0        1750        875  0.102975                 11             0.042914
0        2000       1000  0.108618                 11             0.045972
----------------------
\cut_off_freq, span: (27, 33)
  window_size step_width  Mean_EER median_n_neighbors median_contamination
0         125         62  0.272056                 10             0.042914
0         250        125  0.234368                  8             0.051069
0         500        250  0.189997                 12             0.049031
0         750        375  0.148349                 14             0.051069
0        1000        500  0.121662                 16             0.042914
0        1250        625  0.110403                 14             0.049031
0        1500        750  0.117008                 12             0.053108
0        1750        875  0.107094                 14             0.054128
0        2000       1000  0.119737                 12             0.046992
----------------------

Sorting based on Mean EER among windows
1) ((40, 3), 0.10882790706943574)
2) ((49, 4), 0.10931458801673927)
3) ((46, 14), 0.11924614924745372)
4) ((5, 9), 0.12610794674458892)
5) ((16, 23), 0.13438910279746658)
6) ((4, 16), 0.13977186556695984)
7) ((31, 28), 0.14658404551514437)
8) ((24, 30), 0.14931772563680415)
9) ((27, 33), 0.15785267713008833)
10) ((47, 41), 0.18018988889180232)
11) ((31, 46), 0.19120523107460527)
12) ((41, 48), 0.1970185969702739)
13) ((19, 48), 0.19735735941269603)
