
----------------------------------------2023/06/06-02:11:02----------------------------------------

----------------------
\cut_off_freq, winsize: (47, 35)
  window_size step_width  Mean_EER median_n_neighbors median_contamination
0         125         62  0.315719                  7             0.049031
0         250        125  0.273668                  6             0.049031
0         500        250   0.22668                 12             0.053108
0         750        375  0.186675                 17             0.049031
0        1000        500  0.165083                 12             0.044953
0        1250        625  0.133224                 16             0.046992
0        1500        750  0.144932                 14             0.051069
0        1750        875  0.128089                 14             0.040876
0        2000       1000  0.130066                 12             0.043934
----------------------
\cut_off_freq, winsize: (4, 8)
  window_size step_width  Mean_EER median_n_neighbors median_contamination
0         125         62  0.228873                 11             0.040876
0         250        125  0.177427                  8             0.055147
0         500        250  0.141202                 12             0.049031
0         750        375  0.123182                 13              0.05005
0        1000        500   0.09939                 12             0.049031
0        1250        625  0.092064                 12             0.049031
0        1500        750  0.107846                 11             0.049031
0        1750        875  0.098398                 11             0.051069
0        2000       1000  0.110987                 11             0.051069
----------------------
\cut_off_freq, winsize: (8, 31)
  window_size step_width  Mean_EER median_n_neighbors median_contamination
0         125         62  0.292062                  9             0.055147
0         250        125  0.247156                  7             0.046992
0         500        250  0.205533                 11             0.049031
0         750        375  0.164976                 15             0.055147
0        1000        500  0.138671                 15             0.042914
0        1250        625  0.116488                 15             0.049031
0        1500        750     0.125                 15             0.049031
0        1750        875  0.112986                 11             0.057186
0        2000       1000  0.115066                 11             0.051069
----------------------
\cut_off_freq, winsize: (13, 10)
  window_size step_width  Mean_EER median_n_neighbors median_contamination
0         125         62  0.194487                  7             0.049031
0         250        125  0.161685                 11             0.042914
0         500        250  0.126791                 14             0.055147
0         750        375  0.103373                 16              0.05005
0        1000        500  0.093935                 16             0.049031
0        1250        625  0.084539                 14             0.046992
0        1500        750  0.096735                 11             0.049031
0        1750        875  0.093192                 11             0.053108
0        2000       1000     0.115                 11             0.049031
----------------------
\cut_off_freq, winsize: (38, 17)
  window_size step_width  Mean_EER median_n_neighbors median_contamination
0         125         62  0.234952                  5             0.048011
0         250        125  0.190325                  8             0.049031
0         500        250  0.142581                 15             0.049031
0         750        375  0.126699                 14             0.049031
0        1000        500   0.10292                 13             0.049031
0        1250        625  0.090954                 12             0.042914
0        1500        750  0.100341                 12             0.049031
0        1750        875  0.100858                 11             0.051069
0        2000       1000  0.111053                 12             0.051069
----------------------
\cut_off_freq, winsize: (4, 39)
  window_size step_width  Mean_EER median_n_neighbors median_contamination
0         125         62  0.317152                 13             0.049031
0         250        125  0.281122                  5             0.042914
0         500        250  0.237984                  9             0.042914
0         750        375  0.194809                 15             0.044953
0        1000        500  0.158119                 14             0.049031
0        1250        625  0.144901                 14             0.044953
0        1500        750  0.157895                 15             0.049031
0        1750        875  0.132952                 14             0.048011
0        2000       1000  0.142105                 11             0.051069
----------------------
\cut_off_freq, winsize: (12, 9)
  window_size step_width  Mean_EER median_n_neighbors median_contamination
0         125         62  0.189107                  7             0.055147
0         250        125  0.158777                 13             0.051069
0         500        250  0.130247                 13             0.042914
0         750        375  0.097416                 16             0.046992
0        1000        500   0.09249                 14             0.049031
0        1250        625  0.084663                 13             0.049031
0        1500        750   0.09693                 12             0.053108
0        1750        875  0.091362                 11             0.049031
0        2000       1000  0.110724                 11             0.046992
----------------------
\cut_off_freq, winsize: (1, 13)
  window_size step_width  Mean_EER median_n_neighbors median_contamination
0         125         62  0.406876                 14             0.049031
0         250        125   0.37125                  9              0.05005
0         500        250  0.319214                 18             0.049031
0         750        375  0.305287                 10             0.049031
0        1000        500   0.28466                 11             0.049031
0        1250        625  0.249877                 16             0.042914
0        1500        750  0.240058                 16             0.049031
0        1750        875  0.218478                 16             0.049031
0        2000       1000      0.22                 17             0.049031
----------------------
\cut_off_freq, winsize: (32, 38)
  window_size step_width  Mean_EER median_n_neighbors median_contamination
0         125         62  0.325277                  8             0.048011
0         250        125  0.282201                  6             0.051069
0         500        250  0.229613                 17             0.049031
0         750        375  0.200526                 16             0.042914
0        1000        500  0.174679                 13             0.045972
0        1250        625  0.152426                 15             0.049031
0        1500        750  0.156335                 16             0.042914
0        1750        875  0.138616                 12             0.046992
0        2000       1000  0.141908                 13             0.049031
----------------------
\cut_off_freq, winsize: (16, 22)
  window_size step_width  Mean_EER median_n_neighbors median_contamination
0         125         62  0.258449                  6             0.042914
0         250        125  0.207729                  7             0.055147
0         500        250  0.167708                 11             0.049031
0         750        375  0.135383                 16             0.040876
0        1000        500  0.113447                 12             0.049031
0        1250        625  0.098437                 11             0.049031
0        1500        750  0.109649                 11             0.044953
0        1750        875  0.099371                 12             0.049031
0        2000       1000  0.104605                 11             0.042914
----------------------
\cut_off_freq, winsize: (2, 11)
  window_size step_width  Mean_EER median_n_neighbors median_contamination
0         125         62  0.306157                 12             0.043934
0         250        125   0.25509                  7             0.051069
0         500        250   0.19851                 14             0.049031
0         750        375  0.166603                 13             0.049031
0        1000        500  0.140051                 16             0.055147
0        1250        625  0.134005                 11             0.049031
0        1500        750  0.131433                 15             0.049031
0        1750        875  0.121281                 11              0.05005
0        2000       1000  0.127039                 12             0.051069
----------------------
\cut_off_freq, winsize: (15, 28)
  window_size step_width  Mean_EER median_n_neighbors median_contamination
0         125         62  0.285222                  6             0.044953
0         250        125  0.235731                  9             0.051069
0         500        250  0.185732                 16             0.049031
0         750        375  0.160239                 15             0.049031
0        1000        500   0.13251                 14             0.040876
0        1250        625  0.115543                 16             0.049031
0        1500        750  0.123148                 12             0.049031
0        1750        875  0.118307                 11             0.049031
0        2000       1000  0.118421                 12             0.055147
----------------------
\cut_off_freq, winsize: (28, 6)
  window_size step_width  Mean_EER median_n_neighbors median_contamination
0         125         62  0.174122                 11             0.049031
0         250        125  0.151229                 12             0.049031
0         500        250  0.120736                 12             0.049031
0         750        375  0.096866                 14             0.044953
0        1000        500  0.090148                 14             0.049031
0        1250        625  0.084334                 15             0.049031
0        1500        750  0.094737                 12             0.049031
0        1750        875  0.090503                 11             0.053108
0        2000       1000  0.111184                 11             0.049031
----------------------

Sorting based on Mean EER among windows
1) ((28, 6), 0.11265091341089767)
2) ((12, 9), 0.11685729891486507)
3) ((13, 10), 0.11885968714414874)
4) ((4, 8), 0.13104097564473474)
5) ((38, 17), 0.13340918202454347)
6) ((16, 22), 0.14386424584170607)
7) ((15, 28), 0.16387253398372603)
8) ((8, 31), 0.16865985072843498)
9) ((2, 11), 0.17557441764852585)
10) ((47, 35), 0.18934851404457614)
11) ((4, 39), 0.19633765032480024)
12) ((32, 38), 0.20017576738946338)
13) ((1, 13), 0.29063325255311695)
