
----------------------------------------2023/06/15-16:47:22----------------------------------------

----------------------
\cut_off_freq, winsize: (38, 45)
  window_size step_width  Mean_EER median_n_neighbors median_contamination
0         125         62  0.165887                 10             0.042914
0         250        125  0.136834                 11             0.055147
0         500        250  0.115964                 14             0.046992
0         750        375  0.101603                 11             0.042914
0        1000        500  0.085815                 12             0.049031
0        1250        625  0.095765                 11             0.049031
0        1500        750  0.097125                 15             0.049031
0        1750        875  0.093021                 12             0.051069
0        2000       1000  0.100461                 11             0.051069
----------------------
\cut_off_freq, winsize: (7, 35)
  window_size step_width  Mean_EER median_n_neighbors median_contamination
0         125         62  0.170619                  9             0.049031
0         250        125  0.143011                 12             0.055147
0         500        250  0.115996                 15             0.051069
0         750        375  0.105694                 13             0.049031
0        1000        500  0.090244                 11             0.046992
0        1250        625  0.086225                 14             0.044953
0        1500        750  0.099756                 10             0.046992
0        1750        875  0.091133                 12             0.049031
0        2000       1000    0.0975                  9             0.053108
----------------------
\cut_off_freq, winsize: (43, 34)
  window_size step_width  Mean_EER median_n_neighbors median_contamination
0         125         62  0.171252                  9             0.042914
0         250        125  0.146053                  9             0.051069
0         500        250  0.116677                 14             0.052089
0         750        375  0.098923                 17             0.051069
0        1000        500  0.082638                 13             0.051069
0        1250        625  0.087911                 13             0.049031
0        1500        750  0.093519                 13             0.040876
0        1750        875  0.087128                 12             0.051069
0        2000       1000  0.095461                  9             0.051069
----------------------
\cut_off_freq, winsize: (17, 25)
  window_size step_width  Mean_EER median_n_neighbors median_contamination
0         125         62  0.179838                  6             0.051069
0         250        125  0.153861                 10             0.049031
0         500        250  0.120815                 15             0.049031
0         750        375   0.11512                 12             0.049031
0        1000        500  0.089923                 13             0.049031
0        1250        625  0.085691                 14             0.042914
0        1500        750  0.096442                 10             0.049031
0        1750        875  0.089748                 10             0.049031
0        2000       1000  0.093553                 11             0.046992
----------------------
\cut_off_freq, winsize: (26, 2)
  window_size step_width  Mean_EER median_n_neighbors median_contamination
0         125         62  0.172587                  9             0.054128
0         250        125  0.138678                 13             0.040876
0         500        250  0.112381                 13             0.049031
0         750        375  0.095096                 12             0.049031
0        1000        500  0.088864                 13             0.051069
0        1250        625  0.089597                 11             0.046992
0        1500        750  0.099659                 11             0.051069
0        1750        875   0.09754                 11             0.049031
0        2000       1000  0.114539                 11             0.046992
----------------------
\cut_off_freq, winsize: (9, 9)
  window_size step_width  Mean_EER median_n_neighbors median_contamination
0         125         62  0.174293                  6             0.046992
0         250        125  0.151615                 14             0.049031
0         500        250   0.12007                 15             0.051069
0         750        375  0.101292                 14             0.044953
0        1000        500  0.092234                 14             0.049031
0        1250        625   0.08014                 11             0.043934
0        1500        750  0.094542                 11             0.049031
0        1750        875  0.089703                 11             0.042914
0        2000       1000  0.111908                 12             0.046992
----------------------
\cut_off_freq, winsize: (5, 15)
  window_size step_width  Mean_EER median_n_neighbors median_contamination
0         125         62   0.18701                  9             0.053108
0         250        125  0.157635                  9             0.053108
0         500        250   0.12857                 13             0.051069
0         750        375  0.105789                 17             0.049031
0        1000        500  0.089923                 15             0.044953
0        1250        625  0.082936                 12             0.048011
0        1500        750  0.096394                 11             0.053108
0        1750        875   0.09611                 12             0.049031
0        2000       1000   0.10125                 11             0.044953
----------------------
\cut_off_freq, winsize: (49, 19)
  window_size step_width  Mean_EER median_n_neighbors median_contamination
0         125         62   0.17924                  8             0.057186
0         250        125  0.155208                  8             0.049031
0         500        250  0.127489                 11             0.049031
0         750        375  0.108971                 14             0.042914
0        1000        500  0.095892                 11             0.040876
0        1250        625  0.083923                 12             0.046992
0        1500        750  0.093811                 12             0.051069
0        1750        875  0.096796                 11             0.046992
0        2000       1000  0.097961                 11             0.042914
----------------------
\cut_off_freq, winsize: (37, 16)
  window_size step_width  Mean_EER median_n_neighbors median_contamination
0         125         62  0.180013                  6             0.053108
0         250        125  0.158864                  6             0.051069
0         500        250  0.120371                 16             0.049031
0         750        375  0.109665                 14             0.042914
0        1000        500  0.092747                 15             0.049031
0        1250        625  0.079112                 12             0.051069
0        1500        750  0.095078                 12             0.042914
0        1750        875  0.098513                 12             0.049031
0        2000       1000  0.104408                 11             0.044953
----------------------
\cut_off_freq, winsize: (34, 46)
  window_size step_width  Mean_EER median_n_neighbors median_contamination
0         125         62  0.165637                 10             0.044953
0         250        125  0.134675                 13             0.049031
0         500        250  0.115298                 15             0.049031
0         750        375  0.094856                 15             0.049031
0        1000        500    0.0888                 12             0.042914
0        1250        625  0.093914                 11             0.040876
0        1500        750  0.096248                 14             0.049031
0        1750        875  0.094794                 12             0.049031
0        2000       1000  0.100789                 11             0.049031
----------------------
\cut_off_freq, winsize: (1, 43)
  window_size step_width  Mean_EER median_n_neighbors median_contamination
0         125         62  0.170772                 14             0.042914
0         250        125  0.144997                 14             0.053108
0         500        250  0.134258                  8             0.055147
0         750        375  0.116794                 13             0.055147
0        1000        500  0.119159                 12             0.049031
0        1250        625  0.114433                 13             0.042914
0        1500        750  0.106433                 14             0.051069
0        1750        875  0.113444                 11             0.049031
0        2000       1000  0.121974                 11             0.040876
----------------------
\cut_off_freq, winsize: (24, 25)
  window_size step_width  Mean_EER median_n_neighbors median_contamination
0         125         62  0.179022                  6             0.055147
0         250        125  0.153246                 12             0.049031
0         500        250   0.12351                 12             0.049031
0         750        375   0.10512                 17             0.042914
0        1000        500  0.089024                 14             0.049031
0        1250        625  0.085362                 13             0.044953
0        1500        750  0.096881                  8             0.051069
0        1750        875  0.092963                 11             0.049031
0        2000       1000  0.092697                 11             0.049031
----------------------
\cut_off_freq, winsize: (8, 48)
  window_size step_width  Mean_EER median_n_neighbors median_contamination
0         125         62  0.163174                  9             0.049031
0         250        125  0.136551                 11             0.051069
0         500        250  0.112397                 16             0.049031
0         750        375  0.100933                 13             0.049031
0        1000        500  0.090019                 12             0.046992
0        1250        625  0.093257                 12             0.042914
0        1500        750  0.089133                 12             0.049031
0        1750        875  0.097197                 12             0.044953
0        2000       1000  0.101645                 12             0.055147
----------------------

Sorting based on Mean EER among windows
1) ((43, 34), 0.1088401601923646)
2) ((8, 48), 0.10936710969452139)
3) ((34, 46), 0.10944582058659034)
4) ((38, 45), 0.11027487384134829)
5) ((7, 35), 0.11113091306533317)
6) ((26, 2), 0.11210456994207751)
7) ((9, 9), 0.11286620745950292)
8) ((24, 25), 0.11309169075858014)
9) ((17, 25), 0.1138877677138122)
10) ((37, 16), 0.11541895140027429)
11) ((49, 19), 0.11547678308661534)
12) ((5, 15), 0.11617963385900014)
13) ((1, 43), 0.1269180908894341)
