
----------------------------------------2023/06/15-08:20:13----------------------------------------

----------------------
\cut_off_freq, span: (19, 48)
  window_size step_width  Mean_EER median_n_neighbors median_contamination
0         125         62   0.15451                  9             0.049031
0         250        125  0.135905                  9             0.055147
0         500        250  0.114315                 10             0.055147
0         750        375   0.08756                 15             0.055147
0        1000        500  0.075096                 12             0.049031
0        1250        625  0.080715                 14             0.046992
0        1500        750  0.082456                 11             0.044953
0        1750        875  0.088787                 13             0.049031
0        2000       1000  0.091842                 11             0.049031
----------------------
\cut_off_freq, span: (46, 14)
  window_size step_width  Mean_EER median_n_neighbors median_contamination
0         125         62  0.169214                 11             0.051069
0         250        125  0.149708                 10              0.05005
0         500        250  0.111969                 13             0.046992
0         750        375  0.096531                 13             0.049031
0        1000        500  0.085847                 13             0.046992
0        1250        625  0.079153                 13             0.049031
0        1500        750  0.090789                 12             0.049031
0        1750        875  0.086327                 11             0.042914
0        2000       1000  0.100855                 11             0.044953
----------------------
\cut_off_freq, span: (40, 3)
  window_size step_width  Mean_EER median_n_neighbors median_contamination
0         125         62  0.172228                  7             0.051069
0         250        125   0.14294                 11             0.040876
0         500        250  0.109432                 14             0.049031
0         750        375  0.089067                 14             0.049031
0        1000        500   0.08973                 12             0.055147
0        1250        625  0.084211                 14             0.051069
0        1500        750  0.091423                 11             0.051069
0        1750        875  0.090389                 10             0.042914
0        2000       1000  0.115592                 10             0.040876
----------------------
\cut_off_freq, span: (47, 41)
  window_size step_width  Mean_EER median_n_neighbors median_contamination
0         125         62  0.156395                  9             0.049031
0         250        125  0.137858                 11             0.043934
0         500        250  0.108006                 12             0.049031
0         750        375  0.088325                 17             0.049031
0        1000        500  0.079878                 15             0.055147
0        1250        625  0.079523                 15             0.048011
0        1500        750  0.083967                 13             0.042914
0        1750        875   0.08627                 12             0.052089
0        2000       1000  0.086118                 10             0.040876
----------------------
\cut_off_freq, span: (31, 28)
  window_size step_width  Mean_EER median_n_neighbors median_contamination
0         125         62  0.165696                  8             0.055147
0         250        125  0.141026                  8             0.049031
0         500        250   0.11319                 12             0.049031
0         750        375  0.093804                 15             0.049031
0        1000        500  0.084178                 12             0.046992
0        1250        625  0.075905                 13             0.049031
0        1500        750  0.087086                 12             0.044953
0        1750        875  0.090675                 13             0.049031
0        2000       1000  0.088618                 11             0.040876
----------------------
\cut_off_freq, span: (24, 30)
  window_size step_width  Mean_EER median_n_neighbors median_contamination
0         125         62  0.165071                 11              0.05005
0         250        125   0.13618                 14             0.042914
0         500        250  0.107831                 14             0.051069
0         750        375  0.088612                 17             0.049031
0        1000        500  0.080745                 13             0.049031
0        1250        625   0.07866                 14             0.049031
0        1500        750  0.088304                 15             0.055147
0        1750        875  0.089474                 13             0.044953
0        2000       1000    0.0925                 11             0.049031
----------------------
\cut_off_freq, span: (5, 9)
  window_size step_width  Mean_EER median_n_neighbors median_contamination
0         125         62  0.183832                  9             0.046992
0         250        125    0.1539                 13             0.049031
0         500        250  0.132039                 13             0.048011
0         750        375   0.10433                 15             0.051069
0        1000        500  0.092587                 15             0.049031
0        1250        625  0.079235                 11             0.049031
0        1500        750  0.096832                 11             0.042914
0        1750        875  0.095995                 12             0.049031
0        2000       1000  0.107434                 10             0.049031
----------------------
\cut_off_freq, span: (49, 4)
  window_size step_width  Mean_EER median_n_neighbors median_contamination
0         125         62  0.171154                 10             0.053108
0         250        125  0.145099                 12             0.042914
0         500        250  0.117343                 12             0.054128
0         750        375  0.089904                 14             0.051069
0        1000        500  0.090308                 13             0.049031
0        1250        625  0.082812                 13             0.049031
0        1500        750  0.092836                 12             0.049031
0        1750        875   0.09159                 11             0.051069
0        2000       1000  0.105921                 10             0.040876
----------------------
\cut_off_freq, span: (31, 46)
  window_size step_width  Mean_EER median_n_neighbors median_contamination
0         125         62  0.154627                  6             0.040876
0         250        125  0.136574                 10             0.055147
0         500        250  0.102996                 14             0.049031
0         750        375  0.093589                 12             0.049031
0        1000        500  0.075866                 14             0.049031
0        1250        625  0.073849                 12             0.040876
0        1500        750  0.085721                 12             0.049031
0        1750        875  0.088844                 13             0.053108
0        2000       1000  0.088026                 10             0.040876
----------------------
\cut_off_freq, span: (16, 23)
  window_size step_width  Mean_EER median_n_neighbors median_contamination
0         125         62  0.170213                 11             0.042914
0         250        125  0.141633                 11             0.051069
0         500        250  0.110637                 14             0.049031
0         750        375  0.094856                 17             0.049031
0        1000        500    0.0862                 12             0.049031
0        1250        625  0.076398                 14             0.049031
0        1500        750  0.090692                 13             0.046992
0        1750        875  0.081808                 11             0.049031
0        2000       1000  0.098158                 11             0.041895
----------------------
\cut_off_freq, span: (41, 48)
  window_size step_width  Mean_EER median_n_neighbors median_contamination
0         125         62   0.15203                  9             0.054128
0         250        125   0.13529                  9             0.049031
0         500        250  0.105089                 12             0.049031
0         750        375  0.087512                 14             0.049031
0        1000        500  0.077407                 13             0.053108
0        1250        625  0.079523                 15             0.044953
0        1500        750   0.08192                 12             0.046992
0        1750        875    0.0877                 14             0.049031
0        2000       1000  0.088882                 10             0.046992
----------------------
\cut_off_freq, span: (4, 16)
  window_size step_width  Mean_EER median_n_neighbors median_contamination
0         125         62  0.185679                  8             0.045972
0         250        125  0.149299                  9             0.051069
0         500        250  0.117391                 15             0.049031
0         750        375  0.107225                 14             0.049031
0        1000        500  0.093196                 14             0.051069
0        1250        625    0.0875                 14             0.049031
0        1500        750  0.095614                 12             0.049031
0        1750        875  0.096796                 11             0.049031
0        2000       1000  0.097171                 11             0.049031
----------------------
\cut_off_freq, span: (27, 33)
  window_size step_width  Mean_EER median_n_neighbors median_contamination
0         125         62  0.162701                  8             0.044953
0         250        125  0.135708                 13             0.048011
0         500        250  0.109353                 12             0.055147
0         750        375  0.092416                 17             0.049031
0        1000        500  0.081258                 12             0.042914
0        1250        625  0.078577                 14             0.051069
0        1500        750  0.089279                 12             0.044953
0        1750        875  0.086556                 12             0.049031
0        2000       1000  0.087368                 11             0.040876
----------------------

Sorting based on Mean EER among windows
1) ((41, 48), 0.09948364740369345)
2) ((31, 46), 0.10001031179610559)
3) ((47, 41), 0.10070459774421192)
4) ((19, 48), 0.10124291604366192)
5) ((27, 33), 0.10257962704996768)
6) ((24, 30), 0.10304188427876605)
7) ((31, 28), 0.10446414736803318)
8) ((16, 23), 0.10562171299688458)
9) ((46, 14), 0.10782159166637657)
10) ((40, 3), 0.10944586915342455)
11) ((49, 4), 0.10966323005923093)
12) ((4, 16), 0.11443007628401654)
13) ((5, 9), 0.11624272846490119)
