
----------------------------------------2023/06/10-04:21:44----------------------------------------

----------------------
\overlap: 0.01
  window_size step_width  Mean_EER median_n_neighbors median_contamination
0         125        123  0.181409                  6             0.053108
0         250        247  0.151889                  7             0.044953
0         500        495  0.114881                 10             0.049031
0         750        742  0.097086                 10             0.052089
0        1000        990  0.102005                  7             0.051069
0        1250       1237  0.106086                  8             0.051069
0        1500       1485  0.127632                  9             0.049031
0        1750       1732  0.132785                  5             0.053108
0        2000       1980  0.157105                  7             0.049031
----------------------
\overlap: 0.05
  window_size step_width  Mean_EER median_n_neighbors median_contamination
0         125        118  0.182382                  7             0.055147
0         250        237  0.157401                  7             0.042914
0         500        475  0.114922                 12             0.053108
0         750        712  0.108621                 10             0.051069
0        1000        950  0.106579                 11             0.040876
0        1250       1187  0.107895                  7             0.055147
0        1500       1425  0.128008                  6             0.042914
0        1750       1662  0.130592                  8             0.042914
0        2000       1900  0.240885                 10             0.051069
----------------------
\overlap: 0.09
  window_size step_width  Mean_EER median_n_neighbors median_contamination
0         125        113  0.187425                  7             0.051069
0         250        227  0.155921                 10             0.053108
0         500        455  0.123884                 12             0.044953
0         750        682  0.104956                 13             0.055147
0        1000        910  0.112081                  8             0.040876
0        1250       1137  0.105921                  9             0.049031
0        1500       1365  0.137632                  7             0.051069
0        1750       1592  0.124899                  8             0.040876
0        2000       1820  0.231746                 11             0.051069
----------------------
\overlap: 0.13
  window_size step_width  Mean_EER median_n_neighbors median_contamination
0         125        108  0.187717                  7             0.055147
0         250        217  0.149452                 10             0.049031
0         500        435  0.116255                 14             0.055147
0         750        652  0.110979                  9             0.057186
0        1000        870  0.105664                  8             0.044953
0        1250       1087  0.097022                  8             0.046992
0        1500       1305  0.119333                  8             0.049031
0        1750       1522  0.122571                  7             0.040876
0        2000       1740  0.152392                  8             0.049031
----------------------
\overlap: 0.17
  window_size step_width  Mean_EER median_n_neighbors median_contamination
0         125        103  0.189811                  7             0.045972
0         250        207  0.150951                 13             0.049031
0         500        415  0.118947                 11             0.044953
0         750        622  0.106659                 11             0.042914
0        1000        830  0.104895                 11             0.046992
0        1250       1037  0.117961                  8             0.051069
0        1500       1245  0.118914                  6             0.046992
0        1750       1452  0.129323                  9             0.051069
0        2000       1660  0.221491                 11             0.051069
----------------------
\overlap: 0.21
  window_size step_width  Mean_EER median_n_neighbors median_contamination
0         125         98  0.190826                  8             0.053108
0         250        197  0.159633                 12             0.049031
0         500        395  0.121154                 11             0.042914
0         750        592  0.103571                  9             0.046992
0        1000        790  0.105567                 11             0.049031
0        1250        987  0.103885                 11             0.049031
0        1500       1185  0.112461                  6             0.059224
0        1750       1382  0.127162                  7             0.044953
0        2000       1580  0.115182                  7             0.041895
----------------------
\overlap: 0.25
  window_size step_width  Mean_EER median_n_neighbors median_contamination
0         125         93  0.175082                  8             0.040876
0         250        187  0.153532                 12              0.05005
0         500        375  0.113469                 15             0.055147
0         750        562  0.093528                 12             0.049031
0        1000        750  0.109259                  8             0.053108
0        1250        937  0.095096                 11             0.042914
0        1500       1125  0.101096                  8             0.059224
0        1750       1312  0.137982                  9             0.051069
0        2000       1500  0.127632                  9             0.040876
----------------------
\overlap: 0.29
  window_size step_width  Mean_EER median_n_neighbors median_contamination
0         125         88  0.184797                  8             0.042914
0         250        177  0.143499                  9             0.055147
0         500        355  0.119397                 11             0.049031
0         750        532  0.101653                 12             0.051069
0        1000        710  0.107123                 10             0.051069
0        1250        887  0.109497                  8             0.046992
0        1500       1065  0.094945                  7             0.051069
0        1750       1242   0.11102                  9             0.051069
0        2000       1420  0.118816                  8             0.055147
----------------------
\overlap: 0.33
  window_size step_width  Mean_EER median_n_neighbors median_contamination
0         125         83  0.186001                  8              0.05005
0         250        167  0.151442                  9             0.049031
0         500        334  0.105942                 13             0.053108
0         750        502  0.097657                 15             0.056166
0        1000        669  0.108246                 11             0.049031
0        1250        837  0.091228                  9             0.040876
0        1500       1004  0.100526                  8             0.040876
0        1750       1172  0.102322                  8             0.049031
0        2000       1339  0.097877                 10             0.055147
----------------------
\overlap: 0.37
  window_size step_width  Mean_EER median_n_neighbors median_contamination
0         125         78  0.183268                  8             0.051069
0         250        157  0.152582                 12             0.048011
0         500        315  0.112819                 13             0.051069
0         750        472  0.099021                 11             0.043934
0        1000        630  0.105263                 12             0.049031
0        1250        787  0.099291                 11             0.053108
0        1500        945   0.10401                 11             0.049031
0        1750       1102  0.103801                 10             0.040876
0        2000       1260  0.106579                  8             0.046992
----------------------
\overlap: 0.41000000000000003
  window_size step_width  Mean_EER median_n_neighbors median_contamination
0         125         73  0.178326                  8             0.044953
0         250        147  0.146887                 10             0.049031
0         500        295  0.121109                 14             0.049031
0         750        442  0.094365                 14             0.049031
0        1000        590  0.096014                 11             0.049031
0        1250        737  0.089522                 12             0.044953
0        1500        885  0.098055                 11             0.053108
0        1750       1032  0.103255                  8             0.044953
0        2000       1180  0.105108                  8             0.051069
----------------------
\overlap: 0.45
  window_size step_width  Mean_EER median_n_neighbors median_contamination
0         125         68  0.172934                  9             0.044953
0         250        137  0.144823                 14             0.042914
0         500        275  0.116439                 11             0.049031
0         750        412  0.097921                 12             0.046992
0        1000        550  0.090647                 11             0.049031
0        1250        687  0.098457                 12             0.049031
0        1500        825  0.094901                 11             0.051069
0        1750        962  0.112719                 11             0.051069
0        2000       1100   0.09905                 10             0.054128
----------------------
\overlap: 0.49
  window_size step_width  Mean_EER median_n_neighbors median_contamination
0         125         63  0.177881                  8             0.042914
0         250        127  0.140605                 10             0.049031
0         500        255  0.114116                 15             0.049031
0         750        382  0.095858                 11             0.049031
0        1000        510  0.095592                 14             0.046992
0        1250        637  0.092434                 11             0.045972
0        1500        765  0.091043                 11             0.049031
0        1750        892  0.105562                 11             0.046992
0        2000       1020   0.10838                  9             0.046992
----------------------
\overlap: 0.53
  window_size step_width  Mean_EER median_n_neighbors median_contamination
0         125         58  0.173958                  8             0.042914
0         250        117  0.146119                 10             0.040876
0         500        235  0.133911                 11             0.049031
0         750        352  0.101747                 15             0.055147
0        1000        470  0.106579                 11             0.049031
0        1250        587  0.089048                 13             0.044953
0        1500        705  0.094079                 13             0.051069
0        1750        822  0.101425                 11             0.040876
0        2000        940  0.113596                  9             0.051069
----------------------
\overlap: 0.5700000000000001
  window_size step_width  Mean_EER median_n_neighbors median_contamination
0         125         53   0.16791                  7             0.055147
0         250        107  0.140912                  9             0.042914
0         500        214  0.117242                 15             0.049031
0         750        322  0.097849                 15             0.049031
0        1000        429  0.100308                 14             0.049031
0        1250        537  0.092176                 14             0.053108
0        1500        644   0.09253                 14             0.049031
0        1750        752  0.100455                 11             0.049031
0        2000        859  0.111842                  9             0.049031
----------------------
\overlap: 0.61
  window_size step_width  Mean_EER median_n_neighbors median_contamination
0         125         48  0.173397                  7             0.049031
0         250         97  0.139246                 11              0.05005
0         500        195  0.123051                 14             0.049031
0         750        292   0.09953                 16             0.049031
0        1000        390  0.099342                 15             0.049031
0        1250        487  0.086874                 14             0.049031
0        1500        585  0.090054                 14             0.049031
0        1750        682  0.097731                 13             0.049031
0        2000        780  0.103421                 12             0.051069
----------------------
\overlap: 0.65
  window_size step_width  Mean_EER median_n_neighbors median_contamination
0         125         43   0.17183                  8             0.042914
0         250         87  0.139226                 13             0.055147
0         500        175  0.109779                 15             0.049031
0         750        262  0.105297                 14             0.048011
0        1000        350  0.095712                 15             0.049031
0        1250        437  0.093621                 17             0.049031
0        1500        525  0.083241                 15             0.049031
0        1750        612  0.085691                 15             0.049031
0        2000        700  0.094361                 12             0.049031
----------------------
\overlap: 0.6900000000000001
  window_size step_width  Mean_EER median_n_neighbors median_contamination
0         125         38  0.167598                  7             0.040876
0         250         77  0.137563                 12             0.049031
0         500        154   0.12339                 12             0.043934
0         750        232  0.097144                 16             0.049031
0        1000        309   0.09996                 12             0.049031
0        1250        387  0.090562                 15             0.045972
0        1500        464  0.090942                 15             0.049031
0        1750        542  0.086952                 14             0.049031
0        2000        619  0.104117                 14             0.049031
----------------------
\overlap: 0.73
  window_size step_width  Mean_EER median_n_neighbors median_contamination
0         125         33  0.163634                  7             0.049031
0         250         67   0.13413                 11              0.05005
0         500        135  0.109825                 17             0.049031
0         750        202  0.098359                 17             0.049031
0        1000        270  0.093667                 16             0.049031
0        1250        337  0.088381                 16             0.042914
0        1500        405  0.083029                 14             0.046992
0        1750        472   0.08835                 16             0.049031
0        2000        540  0.093348                 15             0.049031
----------------------
\overlap: 0.77
  window_size step_width  Mean_EER median_n_neighbors median_contamination
0         125         28  0.167597                 11             0.049031
0         250         57  0.131702                 14             0.049031
0         500        114  0.112595                 16             0.048011
0         750        172  0.104371                 17             0.049031
0        1000        229  0.097398                 17             0.049031
0        1250        287  0.091895                 16             0.049031
0        1500        345  0.095706                 14             0.046992
0        1750        402  0.080537                 18             0.049031
0        2000        459   0.09953                 15             0.051069
----------------------
\overlap: 0.81
  window_size step_width  Mean_EER median_n_neighbors median_contamination
0         125         23  0.164646                 11             0.044953
0         250         47  0.132359                 14             0.051069
0         500         94  0.120704                 14             0.049031
0         750        142   0.09988                 18             0.049031
0        1000        189  0.110179                 16             0.049031
0        1250        237  0.091682                 18             0.049031
0        1500        284  0.085984                 17             0.042914
0        1750        332  0.085957                 18             0.049031
0        2000        379  0.095021                 15             0.049031
----------------------
\overlap: 0.85
  window_size step_width  Mean_EER median_n_neighbors median_contamination
0         125         18  0.163607                 16             0.049031
0         250         37  0.129332                 17             0.049031
0         500         75  0.116822                 17             0.048011
0         750        112  0.111137                 18             0.049031
0        1000        150  0.114592                 15             0.042914
0        1250        187  0.110626                 16             0.049031
0        1500        225  0.097232                 17             0.049031
0        1750        262  0.089331                 17             0.049031
0        2000        300  0.088035                 17             0.049031
----------------------
\overlap: 0.89
  window_size step_width  Mean_EER median_n_neighbors median_contamination
0         125         13  0.158803                 16             0.051069
0         250         27  0.131161                 18             0.049031
0         500         54  0.120568                 17             0.049031
0         750         82   0.11051                 18             0.049031
0        1000        109  0.114846                 18             0.049031
0        1250        137  0.116279                 17             0.049031
0        1500        164  0.107176                 19             0.049031
0        1750        192  0.105211                 17             0.049031
0        2000        219   0.08967                 18             0.049031
----------------------
\overlap: 0.93
  window_size step_width  Mean_EER median_n_neighbors median_contamination
0         125          8  0.158176                 18             0.049031
0         250         17   0.12868                 18             0.049031
0         500         34  0.123346                 19             0.049031
0         750         52  0.117233                 19             0.049031
0        1000         69  0.117936                 18             0.049031
0        1250         87  0.120793                 17             0.040876
0        1500        104  0.155515                  9             0.049031
0        1750        122  0.124009                 19             0.049031
0        2000        139  0.125672                 18             0.049031
----------------------
\overlap: 0.97
  window_size step_width  Mean_EER median_n_neighbors median_contamination
0         125          3  0.176285                 19             0.049031
0         250          7  0.138235                 19             0.049031
0         500         15  0.139607                 19             0.049031
0         750         22  0.164441                 19             0.049031
0        1000         30    0.1624                 19             0.044953
0        1250         37  0.173837                 17             0.049031
0        1500         45  0.163792                 17             0.049031
0        1750         52  0.157153                 18             0.049031
0        2000         60  0.184181                 14             0.049031
----------------------

Sorting based on Mean EER among windows
1) (0.73, 0.10585804743518547)
2) (0.65, 0.10875089060065467)
3) (0.77, 0.10903695043974479)
4) (0.81, 0.10960140164176882)
5) (0.6900000000000001, 0.11091420423502094)
6) (0.61, 0.11251635465643012)
7) (0.85, 0.1134126011564028)
8) (0.5700000000000001, 0.1134693765734452)
9) (0.49, 0.11349674905255822)
10) (0.45, 0.11421023578610538)
11) (0.41000000000000003, 0.11473792760914438)
12) (0.33, 0.11569358550986997)
13) (0.89, 0.11713615479971493)
14) (0.53, 0.11782929033122981)
15) (0.37, 0.11851495214891068)
16) (0.29, 0.12119394282113337)
17) (0.25, 0.1229640520371516)
18) (0.21, 0.1266045406419783)
19) (0.13, 0.1290427996623275)
20) (0.01, 0.13009745564892627)
21) (0.93, 0.1301511148150141)
22) (0.17, 0.13988356485268266)
23) (0.05, 0.14192050354953323)
24) (0.09, 0.14271845784431603)
25) (0.97, 0.16221465193278342)
