
----------------------------------------2023/06/05-15:17:33----------------------------------------

----------------------
\SMA winsize: 1
  window_size step_width  Mean_EER median_n_neighbors median_contamination
0         125         62  0.177963                 11             0.042914
0         250        125  0.143579                  8             0.055147
0         500        250  0.116027                 12             0.049031
0         750        375  0.100933                 13             0.049031
0        1000        500  0.093453                 12             0.045972
0        1250        625  0.088939                 14             0.052089
0        1500        750  0.101852                 12             0.051069
0        1750        875   0.09262                 11             0.046992
0        2000       1000  0.117961                 10             0.044953
----------------------
\SMA winsize: 5
  window_size step_width  Mean_EER median_n_neighbors median_contamination
0         125         62  0.177222                 12             0.044953
0         250        125  0.153065                 11             0.051069
0         500        250  0.118041                 15             0.049031
0         750        375  0.102847                 14             0.049031
0        1000        500  0.100289                 14             0.044953
0        1250        625  0.087911                 14             0.049031
0        1500        750  0.098879                 11             0.044953
0        1750        875   0.09857                 12             0.051069
0        2000       1000  0.109803                 12             0.051069
----------------------
\SMA winsize: 9
  window_size step_width  Mean_EER median_n_neighbors median_contamination
0         125         62  0.171619                  6             0.049031
0         250        125  0.149905                 17             0.049031
0         500        250  0.130025                  8             0.044953
0         750        375  0.112225                 12             0.049031
0        1000        500  0.090918                 15             0.049031
0        1250        625  0.079852                 12             0.049031
0        1500        750  0.094981                 11             0.049031
0        1750        875   0.09611                 12             0.048011
0        2000       1000  0.107237                 11             0.040876
----------------------
\SMA winsize: 13
  window_size step_width  Mean_EER median_n_neighbors median_contamination
0         125         62  0.179884                  9             0.049031
0         250        125  0.152175                 13             0.051069
0         500        250  0.117565                 17             0.049031
0         750        375  0.116866                 11             0.049031
0        1000        500  0.093902                 15             0.055147
0        1250        625  0.087788                 11             0.049031
0        1500        750  0.096053                 11             0.040876
0        1750        875  0.094966                 11             0.044953
0        2000       1000  0.104605                 11             0.049031
----------------------
\SMA winsize: 17
  window_size step_width  Mean_EER median_n_neighbors median_contamination
0         125         62  0.180466                  7             0.049031
0         250        125  0.153632                  9             0.055147
0         500        250  0.123224                 14             0.051069
0         750        375  0.109474                 14             0.049031
0        1000        500  0.092298                 13             0.044953
0        1250        625  0.085814                 14             0.042914
0        1500        750  0.096296                 12             0.048011
0        1750        875  0.098513                 11             0.049031
0        2000       1000  0.108289                 12             0.049031
----------------------
\SMA winsize: 21
  window_size step_width  Mean_EER median_n_neighbors median_contamination
0         125         62  0.180048                  8             0.049031
0         250        125  0.153309                 11             0.046992
0         500        250  0.130517                 11             0.051069
0         750        375  0.112464                 12              0.05005
0        1000        500  0.095411                 12             0.042914
0        1250        625  0.088076                 14             0.057186
0        1500        750  0.094347                 12             0.049031
0        1750        875  0.098112                 12             0.051069
0        2000       1000  0.098289                 11             0.040876
----------------------
\SMA winsize: 25
  window_size step_width  Mean_EER median_n_neighbors median_contamination
0         125         62  0.175769                  4             0.040876
0         250        125  0.157257                 11             0.046992
0         500        250  0.130739                 12             0.051069
0         750        375  0.107464                 14             0.049031
0        1000        500  0.093293                 13             0.040876
0        1250        625  0.086842                 12             0.053108
0        1500        750  0.103168                 11             0.044953
0        1750        875  0.101659                 11             0.046992
0        2000       1000  0.097171                 11             0.041895
----------------------
\SMA winsize: 29
  window_size step_width  Mean_EER median_n_neighbors median_contamination
0         125         62  0.174348                  6             0.051069
0         250        125  0.155547                  8             0.042914
0         500        250  0.141836                  9             0.051069
0         750        375  0.110732                 17             0.042914
0        1000        500  0.092619                 15             0.049031
0        1250        625  0.088363                 12             0.049031
0        1500        750  0.099172                 13             0.040876
0        1750        875  0.095423                 11             0.042914
0        2000       1000  0.096382                 11             0.049031
----------------------
\SMA winsize: 33
  window_size step_width  Mean_EER median_n_neighbors median_contamination
0         125         62  0.172751                  9             0.046992
0         250        125  0.148897                 11             0.048011
0         500        250   0.12156                 15             0.051069
0         750        375  0.105742                 17             0.049031
0        1000        500  0.091046                 16             0.049031
0        1250        625  0.087048                 14             0.042914
0        1500        750  0.094981                 12             0.045972
0        1750        875  0.091419                 11             0.049031
0        2000       1000  0.095987                  9             0.053108
----------------------
\SMA winsize: 37
  window_size step_width  Mean_EER median_n_neighbors median_contamination
0         125         62  0.168569                  8             0.051069
0         250        125  0.145454                  7             0.049031
0         500        250  0.115076                 17             0.049031
0         750        375   0.10555                 14             0.043934
0        1000        500  0.092009                 17             0.042914
0        1250        625  0.090049                 13             0.049031
0        1500        750  0.100146                 12             0.040876
0        1750        875  0.094451                 12             0.049031
0        2000       1000  0.096711                 11             0.049031
----------------------
\SMA winsize: 41
  window_size step_width  Mean_EER median_n_neighbors median_contamination
0         125         62  0.166402                  8             0.040876
0         250        125  0.140553                 10             0.044953
0         500        250   0.11514                 15             0.049031
0         750        375  0.106746                 13             0.042914
0        1000        500  0.091399                 11             0.042914
0        1250        625  0.094038                 15             0.049031
0        1500        750  0.101608                 11             0.041895
0        1750        875  0.084039                  9             0.051069
0        2000       1000  0.102697                 11             0.042914
----------------------
\SMA winsize: 45
  window_size step_width  Mean_EER median_n_neighbors median_contamination
0         125         62  0.164907                  6             0.040876
0         250        125  0.137307                 12             0.057186
0         500        250  0.115758                 14             0.051069
0         750        375  0.102033                 12             0.049031
0        1000        500  0.089281                 12             0.053108
0        1250        625  0.092599                 14             0.046992
0        1500        750  0.098246                 16             0.048011
0        1750        875  0.099428                 13             0.051069
0        2000       1000  0.104408                 12             0.051069
----------------------
\SMA winsize: 49
  window_size step_width  Mean_EER median_n_neighbors median_contamination
0         125         62  0.160378                  9             0.053108
0         250        125  0.137575                 12             0.048011
0         500        250  0.112001                 16             0.049031
0         750        375   0.10189                 12             0.049031
0        1000        500   0.09172                 13             0.049031
0        1250        625   0.09412                 12             0.053108
0        1500        750  0.096296                 16             0.049031
0        1750        875  0.095652                 11             0.055147
0        2000       1000  0.102697                  9             0.053108
----------------------

Sorting based on Mean EER among windows
1) (49, 0.11025882698537597)
2) (41, 0.11140255607452852)
3) (45, 0.11155183786874881)
4) (37, 0.1120017152108328)
5) (33, 0.112158841282446)
6) (9, 0.11476349728010181)
7) (1, 0.1148141303798425)
8) (13, 0.1159782100721408)
9) (5, 0.11629173277422947)
10) (17, 0.11644520847780246)
11) (21, 0.11673039179621776)
12) (25, 0.11704012117627086)
13) (29, 0.1171579192490278)
