
----------------------------------------2023/06/07-20:24:17----------------------------------------

----------------------------------------final_experiments_results/WACA-kNN/Butter+SMA_Mean_EER_Naive_df_train_dict.txt----------------------------------------

----------------------
\cut_off_freq, winsize: (21, 30)
  window_size step_width  Mean_EER best_n_neighbors
0         125         62  0.193279                1
0         250        125   0.15611                2
0         500        250  0.134462               19
0         750        375  0.121804               19
0        1000        500  0.109853               19
0        1250        625   0.10241               19
0        1500        750  0.109611               19
0        1750        875  0.101048               19
0        2000       1000  0.086762               19
----------------------
\cut_off_freq, winsize: (23, 14)
  window_size step_width  Mean_EER best_n_neighbors
0         125         62  0.203557                1
0         250        125  0.165647               13
0         500        250  0.130839               19
0         750        375  0.118593               19
0        1000        500  0.109814               17
0        1250        625   0.09728               19
0        1500        750  0.110791               18
0        1750        875  0.100488               19
0        2000       1000  0.093303               19
----------------------
\cut_off_freq, winsize: (44, 43)
  window_size step_width  Mean_EER best_n_neighbors
0         125         62  0.176112                1
0         250        125  0.149142                1
0         500        250  0.129418               19
0         750        375  0.116725               19
0        1000        500  0.113286               19
0        1250        625  0.109372               19
0        1500        750  0.113611               19
0        1750        875  0.109589               19
0        2000       1000  0.098862               19
----------------------
\cut_off_freq, winsize: (37, 10)
  window_size step_width  Mean_EER best_n_neighbors
0         125         62  0.198524                1
0         250        125  0.159158               16
0         500        250  0.125171               19
0         750        375  0.109617               19
0        1000        500  0.106663               19
0        1250        625   0.09868               14
0        1500        750  0.110232               19
0        1750        875  0.094949               19
0        2000       1000  0.093165               19
----------------------
\cut_off_freq, winsize: (16, 42)
  window_size step_width  Mean_EER best_n_neighbors
0         125         62  0.179189                1
0         250        125   0.14976                1
0         500        250  0.130183               16
0         750        375  0.116608               19
0        1000        500   0.11262               19
0        1250        625  0.109052               19
0        1500        750  0.115185               19
0        1750        875  0.106838               19
0        2000       1000  0.098973               19
----------------------
\cut_off_freq, winsize: (39, 41)
  window_size step_width  Mean_EER best_n_neighbors
0         125         62  0.177409                1
0         250        125  0.148915                2
0         500        250  0.130528               18
0         750        375  0.116359               19
0        1000        500  0.113361               19
0        1250        625  0.110559               19
0        1500        750  0.113112               19
0        1750        875  0.108821               19
0        2000       1000  0.102482               19
----------------------
\cut_off_freq, winsize: (2, 38)
  window_size step_width  Mean_EER best_n_neighbors
0         125         62  0.177401                2
0         250        125  0.155525                1
0         500        250  0.131859               18
0         750        375  0.118045               18
0        1000        500  0.115593               19
0        1250        625  0.109625               19
0        1500        750  0.116914               19
0        1750        875  0.111596               19
0        2000       1000   0.10621               19
----------------------
\cut_off_freq, winsize: (16, 2)
  window_size step_width  Mean_EER best_n_neighbors
0         125         62  0.199281                3
0         250        125   0.15131               17
0         500        250  0.111545               19
0         750        375  0.103988               19
0        1000        500  0.111088               18
0        1250        625  0.116291               19
0        1500        750  0.128513               19
0        1750        875  0.113213               19
0        2000       1000  0.099313               19