
----------------------------------------2023/06/07-22:29:58----------------------------------------

----------------------------------------final_experiments_results/WACA-kNN/Butter+SMA_Mean_EER_Realworld-per_unknown_window_df_train_dict.txt----------------------------------------

----------------------
\cut_off_freq, winsize: (21, 30)
  window_size step_width  Mean_EER best_n_neighbors
0         125         62  0.304511                1
0         250        125  0.252863                3
0         500        250  0.212773               19
0         750        375  0.185096               19
0        1000        500  0.164391               19
0        1250        625  0.139385               19
0        1500        750  0.143486               19
0        1750        875  0.123338               19
0        2000       1000  0.113618               19
----------------------
\cut_off_freq, winsize: (23, 14)
  window_size step_width  Mean_EER best_n_neighbors
0         125         62  0.239177                1
0         250        125  0.187744               14
0         500        250  0.142673               19
0         750        375    0.1276               19
0        1000        500  0.114311               16
0        1250        625  0.105894               19
0        1500        750  0.119116               18
0        1750        875  0.103537               19
0        2000       1000  0.097445               19
----------------------
\cut_off_freq, winsize: (44, 43)
  window_size step_width  Mean_EER best_n_neighbors
0         125         62  0.340431                5
0         250        125   0.30432                1
0         500        250  0.265336               18
0         750        375   0.23665               19
0        1000        500  0.226895               19
0        1250        625  0.202269               19
0        1500        750  0.193221               19
0        1750        875   0.17163               19
0        2000       1000   0.16285               19
----------------------
\cut_off_freq, winsize: (37, 10)
  window_size step_width  Mean_EER best_n_neighbors
0         125         62  0.218101                2
0         250        125  0.169733                5
0         500        250  0.129667               19
0         750        375  0.111897               19
0        1000        500  0.108541               19
0        1250        625   0.10036               14
0        1500        750  0.111095               19
0        1750        875  0.096611               19
0        2000       1000  0.097674               19
----------------------
\cut_off_freq, winsize: (16, 42)
  window_size step_width  Mean_EER best_n_neighbors
0         125         62  0.337996                2
0         250        125  0.298535                4
0         500        250  0.262294               19
0         750        375  0.230968               19
0        1000        500  0.218256               19
0        1250        625  0.193951               19
0        1500        750  0.187683               19
0        1750        875  0.168588               19
0        2000       1000  0.157393               19
----------------------
\cut_off_freq, winsize: (39, 41)
  window_size step_width  Mean_EER best_n_neighbors
0         125         62  0.336628                1
0         250        125  0.296676                3
0         500        250   0.26029               19
0         750        375  0.229525               14
0        1000        500  0.218625               19
0        1250        625  0.196955               19
0        1500        750  0.185998               19
0        1750        875  0.165834               19
0        2000       1000  0.160894               19
----------------------
\cut_off_freq, winsize: (2, 38)
  window_size step_width  Mean_EER best_n_neighbors
0         125         62  0.328663                7
0         250        125  0.289675                6
0         500        250  0.247526               19
0         750        375  0.212186               19
0        1000        500  0.206754               18
0        1250        625  0.178852               19
0        1500        750  0.180866               19
0        1750        875  0.155633               19
0        2000       1000  0.155248               19
----------------------
\cut_off_freq, winsize: (16, 2)
  window_size step_width  Mean_EER best_n_neighbors
0         125         62  0.199912                3
0         250        125  0.151793               17
0         500        250  0.112023               18
0         750        375  0.104361               18
0        1000        500  0.112095               19
0        1250        625  0.116414               19
0        1500        750  0.129265               19
0        1750        875  0.114128               19
0        2000       1000  0.099285               19
----------------------
\cut_off_freq, winsize: (2, 21)
  window_size step_width  Mean_EER best_n_neighbors
0         125         62  0.307719                3
0         250        125  0.264858                6
0         500        250  0.215387               19
0         750        375  0.186688               19
0        1000        500  0.176875               19
0        1250        625  0.153779               19
0        1500        750  0.159613               19
0        1750        875  0.137938               19
0        2000       1000  0.141239               19
----------------------
\cut_off_freq, winsize: (20, 4)
  window_size step_width  Mean_EER best_n_neighbors
0         125         62  0.200354                2
0         250        125  0.152327               19
0         500        250  0.112572               19
0         750        375  0.101833               18
0        1000        500  0.113066               19
0        1250        625  0.114203               17
0        1500        750  0.132965               19
0        1750        875  0.111874               19
0        2000       1000   0.09836               19
----------------------
\cut_off_freq, winsize: (22, 6)
  window_size step_width  Mean_EER best_n_neighbors
0         125         62  0.205148                2
0         250        125  0.157808               17
0         500        250  0.118296               19
0         750        375  0.103598               18
0        1000        500  0.107603               19
0        1250        625  0.105942               15
0        1500        750  0.113755               19
0        1750        875  0.106162               19
0        2000       1000  0.096737               19
----------------------
\cut_off_freq, winsize: (6, 24)
  window_size step_width  Mean_EER best_n_neighbors
0         125         62  0.282354                1
0         250        125  0.221614                4
0         500        250  0.181862               19
0         750        375  0.155977               19
0        1000        500  0.134454               19
0        1250        625  0.119957               19
0        1500        750  0.131569               19
0        1750        875  0.108983               19
0        2000       1000   0.09783               19