
----------------------------------------2023/06/15-08:33:15----------------------------------------

----------------------------------------final_experiments_results/WACA-kNN/Butter+EMA_Mean_EER_Naive_df_train_dict.txt----------------------------------------

----------------------
\cut_off_freq, span: (19, 48)
  window_size step_width  Mean_EER best_n_neighbors
0         125         62  0.166101                1
0         250        125  0.135563                3
0         500        250  0.110336                7
0         750        375  0.102757               17
0        1000        500  0.100126               19
0        1250        625  0.097826               19
0        1500        750  0.101731               19
0        1750        875  0.110331               19
0        2000       1000  0.091604               19
----------------------
\cut_off_freq, span: (46, 14)
  window_size step_width  Mean_EER best_n_neighbors
0         125         62  0.189616                2
0         250        125  0.151356                5
0         500        250  0.119519               19
0         750        375  0.104518               19
0        1000        500   0.10593               19
0        1250        625  0.101352               17
0        1500        750   0.10322               19
0        1750        875  0.096662               19
0        2000       1000  0.087738               19
----------------------
\cut_off_freq, span: (40, 3)
  window_size step_width  Mean_EER best_n_neighbors
0         125         62  0.195933                3
0         250        125  0.149521               18
0         500        250  0.111467               19
0         750        375  0.099337               17
0        1000        500  0.110061               19
0        1250        625  0.114352               19
0        1500        750  0.128521               19
0        1750        875  0.107081               19
0        2000       1000  0.098691               19
----------------------
\cut_off_freq, span: (47, 41)
  window_size step_width  Mean_EER best_n_neighbors
0         125         62  0.167273                2
0         250        125  0.138193                4
0         500        250  0.111991                9
0         750        375  0.102848               19
0        1000        500   0.09944               13
0        1250        625  0.093895               19
0        1500        750  0.099556               19
0        1750        875  0.107236               19
0        2000       1000  0.089892               19
----------------------
\cut_off_freq, span: (31, 28)
  window_size step_width  Mean_EER best_n_neighbors
0         125         62  0.179025                1
0         250        125  0.140522                2
0         500        250  0.114479               16
0         750        375  0.101812               19
0        1000        500  0.100351               19
0        1250        625  0.093452               19
0        1500        750  0.103345               19
0        1750        875  0.099169               19
0        2000       1000  0.085986               19
----------------------
\cut_off_freq, span: (24, 30)
  window_size step_width  Mean_EER best_n_neighbors
0         125         62  0.177619                1
0         250        125  0.139542                2
0         500        250  0.113702               18
0         750        375  0.100674               18
0        1000        500   0.10113               18
0        1250        625  0.097314               17
0        1500        750  0.104237               19
0        1750        875  0.103206               18
0        2000       1000  0.084487               19
----------------------
\cut_off_freq, span: (5, 9)
  window_size step_width  Mean_EER best_n_neighbors
0         125         62   0.20866                1
0         250        125   0.16694               13
0         500        250  0.131828               19
0         750        375  0.116094               16
0        1000        500  0.103649               19
0        1250        625  0.096152               19
0        1500        750  0.104922               19
0        1750        875  0.093696               19
0        2000       1000  0.093402               19
----------------------
\cut_off_freq, span: (49, 4)
  window_size step_width  Mean_EER best_n_neighbors
0         125         62  0.197559                2
0         250        125  0.152655               19
0         500        250  0.113077               19
0         750        375   0.09914               19
0        1000        500  0.108907               19
0        1250        625   0.10575               18
0        1500        750  0.116197               19
0        1750        875  0.104646               19
0        2000       1000  0.098516               19
----------------------
\cut_off_freq, span: (31, 46)
  window_size step_width  Mean_EER best_n_neighbors
0         125         62  0.164601                1
0         250        125   0.13626                2
0         500        250  0.111022                9
0         750        375  0.102483               19
0        1000        500  0.099195               19
0        1250        625  0.097848               19
0        1500        750  0.101328               19
0        1750        875  0.113637               19
0        2000       1000   0.09321               19
----------------------
\cut_off_freq, span: (16, 23)
  window_size step_width  Mean_EER best_n_neighbors
0         125         62  0.185946                2
0         250        125   0.14414                5
0         500        250  0.115478               19
0         750        375  0.102977               19
0        1000        500  0.102991               16
0        1250        625  0.097926               19
0        1500        750  0.102986               19
0        1750        875  0.094993               19
0        2000       1000  0.088159               19
----------------------
\cut_off_freq, span: (41, 48)
  window_size step_width  Mean_EER best_n_neighbors
0         125         62  0.162915                1
0         250        125  0.135591                3
0         500        250  0.110325               10
0         750        375  0.102094               18
0        1000        500  0.099543                9
0        1250        625  0.096581               19
0        1500        750  0.099688               19
0        1750        875  0.114918               19
0        2000       1000  0.094753               19
----------------------
\cut_off_freq, span: (4, 16)
  window_size step_width  Mean_EER best_n_neighbors
0         125         62  0.204467                1
0         250        125  0.163096                5
0         500        250  0.130542               16
0         750        375  0.116225               18
0        1000        500  0.106613               19
0        1250        625   0.10205               19
0        1500        750  0.112563               19
0        1750        875  0.104246               19
0        2000       1000  0.089637               19
----------------------
\cut_off_freq, span: (27, 33)
  window_size step_width  Mean_EER best_n_neighbors
0         125         62  0.173996                1
0         250        125  0.138769                3
0         500        250  0.113536               11
0         750        375  0.102182               17
0        1000        500  0.100995               19
0        1250        625  0.097549               19
0        1500        750  0.100111               19
0        1750        875  0.100429               19
0        2000       1000  0.085838               19
----------------------

Sorting based on Mean EER among windows
1) ((47, 41), 0.11225812982694094)
2) ((27, 33), 0.11260070506223421)
3) ((19, 48), 0.112930645758379)
4) ((41, 48), 0.11293428835879567)
5) ((31, 28), 0.11312671209437553)
6) ((31, 46), 0.1132870439715435)
7) ((24, 30), 0.11354576232661619)
8) ((16, 23), 0.11506634856320631)
9) ((46, 14), 0.11776787142465424)
10) ((49, 4), 0.12182734966135457)
11) ((40, 3), 0.12388500990849309)
12) ((5, 9), 0.12392698771106475)
13) ((4, 16), 0.12549319097577916)
