
----------------------------------------2023/06/15-10:59:54----------------------------------------

----------------------------------------final_experiments_results/WACA-kNN/Butter+EMA_Mean_EER_Realworld-per_unknown_window_df_train_dict.txt----------------------------------------

----------------------
\cut_off_freq, span: (19, 48)
  window_size step_width  Mean_EER best_n_neighbors
0         125         62  0.326306                1
0         250        125  0.281702               15
0         500        250  0.246291               18
0         750        375  0.208397               19
0        1000        500  0.199373               19
0        1250        625  0.171334               19
0        1500        750  0.175687               19
0        1750        875  0.163538               19
0        2000       1000  0.148446               19
----------------------
\cut_off_freq, span: (46, 14)
  window_size step_width  Mean_EER best_n_neighbors
0         125         62  0.222157                1
0         250        125  0.175305               13
0         500        250   0.13141               19
0         750        375  0.112949               19
0        1000        500  0.113324               19
0        1250        625  0.106174               17
0        1500        750  0.109668               19
0        1750        875  0.096887               19
0        2000       1000  0.092376               19
----------------------
\cut_off_freq, span: (40, 3)
  window_size step_width  Mean_EER best_n_neighbors
0         125         62  0.197759                2
0         250        125  0.151143               18
0         500        250  0.111029               19
0         750        375  0.099489               19
0        1000        500  0.110185               19
0        1250        625  0.114489               19
0        1500        750  0.126103               19
0        1750        875  0.106475               19
0        2000       1000   0.09863               19
----------------------
\cut_off_freq, span: (47, 41)
  window_size step_width  Mean_EER best_n_neighbors
0         125         62  0.306101                1
0         250        125  0.260856                8
0         500        250  0.223481               19
0         750        375  0.185013               19
0        1000        500  0.182621               19
0        1250        625  0.150081               19
0        1500        750  0.158226               19
0        1750        875  0.151492               19
0        2000       1000   0.13398               19
----------------------
\cut_off_freq, span: (31, 28)
  window_size step_width  Mean_EER best_n_neighbors
0         125         62  0.270115                1
0         250        125  0.217528                6
0         500        250  0.173384               19
0         750        375  0.145698               19
0        1000        500  0.139391               19
0        1250        625  0.118032               19
0        1500        750  0.127991               19
0        1750        875  0.122261               19
0        2000       1000  0.107211               19
----------------------
\cut_off_freq, span: (24, 30)
  window_size step_width  Mean_EER best_n_neighbors
0         125         62  0.276532                1
0         250        125  0.224603                8
0         500        250  0.181517               17
0         750        375   0.15414               19
0        1000        500  0.147946               19
0        1250        625  0.125497               19
0        1500        750  0.135636               19
0        1750        875  0.123328               19
0        2000       1000  0.110384               19
----------------------
\cut_off_freq, span: (5, 9)
  window_size step_width  Mean_EER best_n_neighbors
0         125         62  0.243084                1
0         250        125  0.185924               16
0         500        250  0.140965               19
0         750        375  0.121054               19
0        1000        500  0.109682               19
0        1250        625  0.099394               19
0        1500        750  0.112401               19
0        1750        875  0.097244               19
0        2000       1000  0.099537               19
----------------------
\cut_off_freq, span: (49, 4)
  window_size step_width  Mean_EER best_n_neighbors
0         125         62  0.200722                5
0         250        125   0.15391               19
0         500        250  0.112708               19
0         750        375  0.098905               19
0        1000        500  0.110849               19
0        1250        625  0.104707               19
0        1500        750  0.115063               19
0        1750        875  0.107097               19
0        2000       1000  0.097565               19
----------------------
\cut_off_freq, span: (31, 46)
  window_size step_width  Mean_EER best_n_neighbors
0         125         62  0.319325                2
0         250        125  0.275497               16
0         500        250  0.240871               18
0         750        375  0.200762               19
0        1000        500  0.196823               19
0        1250        625  0.163813               19
0        1500        750  0.166694               19
0        1750        875  0.160255               19
0        2000       1000  0.143905               19
----------------------
\cut_off_freq, span: (16, 23)
  window_size step_width  Mean_EER best_n_neighbors
0         125         62  0.256108                1
0         250        125   0.20111                9
0         500        250  0.153164               19
0         750        375  0.131829               19
0        1000        500  0.127754               19
0        1250        625  0.111621               19
0        1500        750  0.120978               19
0        1750        875  0.104785               19
0        2000       1000  0.105663               19
----------------------
\cut_off_freq, span: (41, 48)
  window_size step_width  Mean_EER best_n_neighbors
0         125         62  0.324527                1
0         250        125   0.28119               10
0         500        250   0.24699               19
0         750        375  0.207598               17
0        1000        500  0.198162               19
0        1250        625  0.171421               19
0        1500        750  0.173893               19
0        1750        875  0.166034               19
0        2000       1000  0.150155               19
----------------------
\cut_off_freq, span: (4, 16)
  window_size step_width  Mean_EER best_n_neighbors
0         125         62  0.273041                2
0         250        125  0.211198                7
0         500        250  0.163529               19
0         750        375  0.138819               19
0        1000        500  0.124768               19
0        1250        625  0.113343               19
0        1500        750   0.12254               19
0        1750        875  0.109333               19
0        2000       1000  0.100882               19
----------------------
\cut_off_freq, span: (27, 33)
  window_size step_width  Mean_EER best_n_neighbors
0         125         62  0.284724                1
0         250        125  0.235188               10
0         500        250  0.193575               19
0         750        375  0.162855               19
0        1000        500  0.154932               19
0        1250        625  0.131828               19
0        1500        750  0.136105               19
0        1750        875  0.131211               19
0        2000       1000  0.112668               19
----------------------

Sorting based on Mean EER among windows
1) ((49, 4), 0.12239187216208852)
2) ((40, 3), 0.12392241929872744)
3) ((46, 14), 0.128916696973846)
4) ((5, 9), 0.13436505240535868)
5) ((16, 23), 0.14589021783561035)
6) ((4, 16), 0.15082833427389172)
7) ((31, 28), 0.15795669379168156)
8) ((24, 30), 0.16439828266567139)
9) ((27, 33), 0.17145393308035034)
10) ((47, 41), 0.19465014295754313)
11) ((31, 46), 0.20754956485938095)
12) ((41, 48), 0.21333012164861917)
13) ((19, 48), 0.2134527042565354)
