
----------------------------------------2023/07/23-10:12:45----------------------------------------

----------------------------------------clip=False_experiments_results/WACA-kNN/clip=False-Minkowski_P=2-Smoothing=None-Prep=None-EER_df_train_dict.txt----------------------------------------

----------------------Training results for cv_fold_idx: 0----------------------
cut_off_freq: -99999
  window_size step_width  Mean_EER best_n_neighbors
0         125         62   0.20962                1
0         250        125   0.12203                2
0         500        250   0.07259                8
0         750        375  0.054545                5
0        1000        500  0.048235               19
0        1250        625  0.042023                8
0        1500        750  0.034942               10
0        1750        875  0.036728                6
0        2000       1000  0.038289               18
----------------------Training results for cv_fold_idx: 1----------------------
cut_off_freq: -99999
  window_size step_width  Mean_EER best_n_neighbors
0         125         62   0.20009                2
0         250        125  0.117389                3
0         500        250  0.073922                8
0         750        375  0.062584               17
0        1000        500  0.054878               17
0        1250        625  0.050247                9
0        1500        750  0.047271                9
0        1750        875  0.046568                1
0        2000       1000  0.048487                4
----------------------Training results for cv_fold_idx: 2----------------------
cut_off_freq: -99999
  window_size step_width  Mean_EER best_n_neighbors
0         125         62  0.180102                1
0         250        125  0.105009                4
0         500        250  0.058585                8
0         750        375  0.041547                9
0        1000        500  0.031629                3
0        1250        625    0.0233                1
0        1500        750  0.021118                2
0        1750        875  0.018497                6
0        2000       1000  0.017763                1