
----------------------------------------2023/06/07-13:59:33----------------------------------------

----------------------------------------final_experiments_results/WACA-kNN/EMA_Mean_EER_Realworld-per_unknown_window_df_train_dict.txt----------------------------------------

----------------------
\EMA span: 1
  window_size step_width  Mean_EER best_n_neighbors
0         125         62  0.208049                2
0         250        125  0.156368               19
0         500        250  0.117828               19
0         750        375  0.103461               19
0        1000        500  0.116467               19
0        1250        625  0.118253               19
0        1500        750  0.123912               19
0        1750        875  0.100644               19
0        2000       1000  0.101158               19
----------------------
\EMA span: 5
  window_size step_width  Mean_EER best_n_neighbors
0         125         62  0.209506                2
0         250        125  0.161097               19
0         500        250   0.11806               19
0         750        375  0.101997               19
0        1000        500  0.115277               19
0        1250        625   0.10565               19
0        1500        750  0.114982               19
0        1750        875  0.099031               18
0        2000       1000  0.101747               19
----------------------
\EMA span: 9
  window_size step_width  Mean_EER best_n_neighbors
0         125         62  0.216173                1
0         250        125  0.168547               19
0         500        250    0.1271               19
0         750        375   0.10853               19
0        1000        500  0.114057               15
0        1250        625  0.106861               19
0        1500        750  0.108889               19
0        1750        875  0.092049               19
0        2000       1000  0.089131               19
----------------------
\EMA span: 13
  window_size step_width  Mean_EER best_n_neighbors
0         125         62  0.226361                1
0         250        125  0.176774               19
0         500        250   0.13392               19
0         750        375  0.115314               19
0        1000        500  0.110863               19
0        1250        625  0.108352               19
0        1500        750  0.112703               19
0        1750        875  0.098244               19
0        2000       1000  0.098178               19
----------------------
\EMA span: 17
  window_size step_width  Mean_EER best_n_neighbors
0         125         62  0.239118                1
0         250        125  0.184973                7
0         500        250   0.14069               19
0         750        375  0.124354               19
0        1000        500   0.12107               19
0        1250        625  0.114638               18
0        1500        750  0.114841               19
0        1750        875  0.102705               19
0        2000       1000  0.099493               19
----------------------
\EMA span: 21
  window_size step_width  Mean_EER best_n_neighbors
0         125         62  0.252059                1
0         250        125  0.195581                9
0         500        250  0.147806               19
0         750        375  0.127423               19
0        1000        500  0.126412               19
0        1250        625    0.1141               16
0        1500        750   0.11963               19
0        1750        875  0.107792               19
0        2000       1000  0.098346               19
----------------------
\EMA span: 25
  window_size step_width  Mean_EER best_n_neighbors
0         125         62    0.2647                1
0         250        125   0.21013                7
0         500        250  0.162298               19
0         750        375  0.138087               19
0        1000        500  0.136446               19
0        1250        625  0.114162               19
0        1500        750   0.13031               19
0        1750        875  0.118981               19
0        2000       1000  0.108949               19
----------------------
\EMA span: 29
  window_size step_width  Mean_EER best_n_neighbors
0         125         62  0.276769                1
0         250        125  0.223277                5
0         500        250   0.17801               19
0         750        375  0.152532               19
0        1000        500  0.148113               19
0        1250        625  0.124236               19
0        1500        750  0.132632               19
0        1750        875  0.130974               19
0        2000       1000  0.115505               19
----------------------
\EMA span: 33
  window_size step_width  Mean_EER best_n_neighbors
0         125         62  0.288332                1
0         250        125  0.238062               10
0         500        250  0.193208               19
0         750        375   0.16465               19
0        1000        500  0.155406               19
0        1250        625  0.134296               19
0        1500        750  0.139103               19
0        1750        875  0.136686               19
0        2000       1000  0.123444               19
----------------------
\EMA span: 37
  window_size step_width  Mean_EER best_n_neighbors
0         125         62  0.298514                1
0         250        125  0.249952                8
0         500        250  0.211396               19
0         750        375  0.176556               19
0        1000        500  0.162111               19
0        1250        625  0.138742               19
0        1500        750  0.145117               19
0        1750        875  0.139632               19
0        2000       1000    0.1323               19
----------------------
\EMA span: 41
  window_size step_width  Mean_EER best_n_neighbors
0         125         62   0.30909                1
0         250        125  0.262348                9
0         500        250  0.225729               19
0         750        375  0.190158               19
0        1000        500  0.183622               19
0        1250        625  0.151793               19
0        1500        750  0.155337               18
0        1750        875  0.156489               19
0        2000       1000  0.139637               19
----------------------
\EMA span: 45
  window_size step_width  Mean_EER best_n_neighbors
0         125         62  0.319546                1
0         250        125  0.274498               13
0         500        250   0.24027               19
0         750        375  0.202248               19
0        1000        500  0.192912               19
0        1250        625  0.162367               19
0        1500        750  0.164271               19
0        1750        875  0.156577               19
0        2000       1000  0.144616               19
----------------------
\EMA span: 49
  window_size step_width  Mean_EER best_n_neighbors
0         125         62  0.330041                1
0         250        125  0.285179               17
0         500        250   0.25155               18
0         750        375  0.216085               19
0        1000        500  0.206296               19
0        1250        625  0.177106               19
0        1500        750  0.176579               19
0        1750        875  0.171578               19
0        2000       1000  0.154485               19
----------------------

Sorting based on Mean EER among windows
1) (5, 0.12526069765236175)
2) (9, 0.12570414406499839)
3) (1, 0.12734883142064038)
4) (13, 0.1311897569272997)
5) (17, 0.13798690507917064)
6) (21, 0.14323879782643312)
7) (25, 0.15378476716677322)
8) (29, 0.16467214290879956)
9) (33, 0.174798684036917)
10) (37, 0.18381326931800404)
11) (41, 0.19713344230183805)
12) (45, 0.20636735418380883)
13) (49, 0.21876654764188322)
