
----------------------------------------2023/06/23-13:29:19----------------------------------------

----------------------------------------final_experiments_results/WACA-kNN/Manhattan-dist_None_Mean_EER_None_df_train_dict.txt----------------------------------------

----------------------

test_dict_key: -99999
  window_size step_width  Mean_EER best_n_neighbors
0         125         62  0.245233               19
0         250        125  0.173882               19
0         500        250  0.126651               19
0         750        375  0.111699               19
0        1000        500  0.112787               19
0        1250        625  0.119555               19
0        1500        750  0.117753               19
0        1750        875  0.097007               18
0        2000       1000  0.103607               19
----------------------

Sorting based on Mean EER among windows
1) (-99999, 0.13424163991293236)
