
----------------------------------------2023/07/30-07:17:27----------------------------------------

----------------------Training results for cv_fold_idx: 0----------------------
overlap: 0.33
  window_size step_width  Mean_EER best_n_neighbors
0         125         83  0.211837                2
0         250        167     0.126                2
0         500        334  0.073918                5
0         750        502  0.055905                5
0        1000        669  0.046491                1
0        1250        837  0.041064                4
0        1500       1004  0.036842               14
0        1750       1172  0.034752               14
0        2000       1339  0.038246               14
----------------------Training results for cv_fold_idx: 1----------------------
overlap: 0.33
  window_size step_width  Mean_EER best_n_neighbors
0         125         83  0.200172                2
0         250        167  0.116874                1
0         500        334  0.075552                2
0         750        502   0.06303                6
0        1000        669   0.05364                5
0        1250        837  0.047862                3
0        1500       1004  0.047697                2
0        1750       1172  0.046362                1
0        2000       1339  0.052719                8
----------------------Training results for cv_fold_idx: 2----------------------
overlap: 0.33
  window_size step_width  Mean_EER best_n_neighbors
0         125         83  0.185626                2
0         250        167  0.108164               14
0         500        334  0.058692               11
0         750        502  0.042148               13
0        1000        669  0.032456                5
0        1250        837  0.024245                3
0        1500       1004  0.021711                4
0        1750       1172  0.019952                5
0        2000       1339  0.016179               14