
----------------------------------------2023/07/30-07:17:27----------------------------------------

----------------------Training results for cv_fold_idx: 0----------------------
overlap: 0.21
  window_size step_width  Mean_EER best_n_neighbors
0         125         98  0.212961                1
0         250        197  0.128786                9
0         500        395  0.068016                6
0         750        592  0.052932               11
0        1000        790  0.053745               10
0        1250        987  0.048058                3
0        1500       1185   0.03483                7
0        1750       1382  0.037688                3
0        2000       1580   0.03836               10
----------------------Training results for cv_fold_idx: 1----------------------
overlap: 0.21
  window_size step_width  Mean_EER best_n_neighbors
0         125         98  0.207077                7
0         250        197  0.118222                1
0         500        395  0.072166                2
0         750        592  0.061015                2
0        1000        790  0.059008                2
0        1250        987  0.054574                3
0        1500       1185  0.046981               12
0        1750       1382  0.050376                1
0        2000       1580   0.04747               11
----------------------Training results for cv_fold_idx: 2----------------------
overlap: 0.21
  window_size step_width  Mean_EER best_n_neighbors
0         125         98  0.184955                2
0         250        197  0.108491                4
0         500        395  0.055865                3
0         750        592  0.040142               10
0        1000        790  0.032782                3
0        1250        987  0.024784                3
0        1500       1185   0.02193                7
0        1750       1382  0.020572                9
0        2000       1580  0.017881                4