
----------------------------------------2023/07/30-07:17:27----------------------------------------

----------------------Training results for cv_fold_idx: 0----------------------
overlap: 0.49
  window_size step_width  Mean_EER best_n_neighbors
0         125         63  0.210614                1
0         250        127  0.124783                7
0         500        255  0.072645               18
0         750        382  0.051974                4
0        1000        510   0.04727                9
0        1250        637  0.043668                8
0        1500        765  0.037399               17
0        1750        892  0.035526                4
0        2000       1020  0.040789               14
----------------------Training results for cv_fold_idx: 1----------------------
overlap: 0.49
  window_size step_width  Mean_EER best_n_neighbors
0         125         63  0.198847                2
0         250        127  0.117242                5
0         500        255  0.074123                5
0         750        382  0.061209                3
0        1000        510  0.056842                9
0        1250        637  0.052796                2
0        1500        765  0.049949               12
0        1750        892  0.049103               10
0        2000       1020  0.052632                2
----------------------Training results for cv_fold_idx: 2----------------------
overlap: 0.49
  window_size step_width  Mean_EER best_n_neighbors
0         125         63  0.182326                2
0         250        127  0.107964                5
0         500        255   0.05662               18
0         750        382  0.039447                6
0        1000        510  0.034137                4
0        1250        637  0.024123               12
0        1500        765  0.019175                4
0        1750        892  0.020335                2
0        2000       1020  0.018313               11