
----------------------------------------2023/07/30-07:17:27----------------------------------------

----------------------Training results for cv_fold_idx: 0----------------------
overlap: 0.09
  window_size step_width  Mean_EER best_n_neighbors
0         125        113  0.211408                1
0         250        227  0.126874                2
0         500        455  0.070137                4
0         750        682  0.057149               10
0        1000        910  0.047189                5
0        1250       1137   0.04576                2
0        1500       1365  0.037544                7
0        1750       1592  0.039474               10
0        2000       1820   0.04366               10
----------------------Training results for cv_fold_idx: 1----------------------
overlap: 0.09
  window_size step_width  Mean_EER best_n_neighbors
0         125        113  0.197482                2
0         250        227  0.121482                1
0         500        455  0.070137                4
0         750        682  0.067193                4
0        1000        910  0.055263                2
0        1250       1137  0.056944                1
0        1500       1365  0.050088                9
0        1750       1592   0.04919               10
0        2000       1820  0.050478                2
----------------------Training results for cv_fold_idx: 2----------------------
overlap: 0.09
  window_size step_width  Mean_EER best_n_neighbors
0         125        113  0.180291                9
0         250        227  0.103706                6
0         500        455  0.054157               10
0         750        682  0.044055                8
0        1000        910  0.032762                6
0        1250       1137  0.026803               10
0        1500       1365  0.021345                9
0        1750       1592  0.019906                6
0        2000       1820   0.01874                6