
----------------------------------------2023/07/30-07:17:27----------------------------------------

----------------------Training results for cv_fold_idx: 0----------------------
overlap: 0.29
  window_size step_width  Mean_EER best_n_neighbors
0         125         88  0.208099                2
0         250        177  0.125112                4
0         500        355  0.070054                6
0         750        532  0.052227                9
0        1000        710  0.051134               10
0        1250        887  0.041876                2
0        1500       1065  0.040166                1
0        1750       1242  0.035197                3
0        2000       1420  0.040414               13
----------------------Training results for cv_fold_idx: 1----------------------
overlap: 0.29
  window_size step_width  Mean_EER best_n_neighbors
0         125         88  0.196301                2
0         250        177  0.117774                4
0         500        355  0.070894                7
0         750        532  0.059615                8
0        1000        710  0.055898               10
0        1250        887  0.049886                1
0        1500       1065  0.051524                1
0        1750       1242   0.04523                2
0        2000       1420  0.046992                4
----------------------Training results for cv_fold_idx: 2----------------------
overlap: 0.29
  window_size step_width  Mean_EER best_n_neighbors
0         125         88  0.181317                3
0         250        177  0.109129                6
0         500        355  0.061756                6
0         750        532  0.041011               12
0        1000        710  0.030702               10
0        1250        887  0.022947                3
0        1500       1065  0.023007                7
0        1750       1242  0.019463                5
0        2000       1420  0.017126                4