
----------------------------------------2023/07/30-07:17:27----------------------------------------

----------------------Training results for cv_fold_idx: 0----------------------
overlap: 0.5700000000000001
  window_size step_width  Mean_EER best_n_neighbors
0         125         53  0.209401                2
0         250        107  0.128113                3
0         500        214  0.074411                5
0         750        322   0.05424               14
0        1000        429  0.048012               15
0        1250        537   0.04022                1
0        1500        644  0.037606               18
0        1750        752  0.036488               15
0        2000        859  0.037014               11
----------------------Training results for cv_fold_idx: 1----------------------
overlap: 0.5700000000000001
  window_size step_width  Mean_EER best_n_neighbors
0         125         53  0.198641                2
0         250        107  0.119371                2
0         500        214  0.074561                4
0         750        322  0.062949               12
0        1000        429  0.055515                4
0        1250        537  0.050356                1
0        1500        644  0.047963                3
0        1750        752  0.047318                9
0        2000        859  0.048227                2
----------------------Training results for cv_fold_idx: 2----------------------
overlap: 0.5700000000000001
  window_size step_width  Mean_EER best_n_neighbors
0         125         53   0.18106                2
0         250        107  0.108594                5
0         500        214  0.056119               15
0         750        322  0.044185               14
0        1000        429  0.033626                4
0        1250        537  0.023431                1
0        1500        644  0.020232               16
0        1750        752    0.0176                2
0        2000        859  0.016018                2