
----------------------------------------2023/07/30-07:17:27----------------------------------------

----------------------Training results for cv_fold_idx: 0----------------------
overlap: 0.45
  window_size step_width  Mean_EER best_n_neighbors
0         125         68  0.208323                1
0         250        137  0.124065                2
0         500        275  0.069333                3
0         750        412  0.055237                6
0        1000        550  0.044168               10
0        1250        687  0.041152                4
0        1500        825  0.037061                9
0        1750        962  0.038409                9
0        2000       1100   0.03348               13
----------------------Training results for cv_fold_idx: 1----------------------
overlap: 0.45
  window_size step_width  Mean_EER best_n_neighbors
0         125         68  0.199156                2
0         250        137  0.119027                1
0         500        275  0.069456                6
0         750        412  0.059974                6
0        1000        550  0.052596                7
0        1250        687  0.049002                5
0        1500        825  0.049726                4
0        1750        962  0.048872                2
0        2000       1100  0.044518                2
----------------------Training results for cv_fold_idx: 2----------------------
overlap: 0.45
  window_size step_width  Mean_EER best_n_neighbors
0         125         68  0.181853                2
0         250        137  0.109736               11
0         500        275  0.054873                6
0         750        412  0.042836                5
0        1000        550  0.029793                5
0        1250        687  0.023341                5
0        1500        825  0.022844                2
0        1750        962  0.018936                4
0        2000       1100  0.016244                3