
----------------------------------------2023/07/30-07:17:27----------------------------------------

----------------------Training results for cv_fold_idx: 0----------------------
overlap: 0.05
  window_size step_width  Mean_EER best_n_neighbors
0         125        118  0.204743                2
0         250        237  0.121666                3
0         500        475   0.07183                3
0         750        712  0.057804                4
0        1000        950  0.051136                2
0        1250       1187  0.040325                6
0        1500       1425  0.047838                4
0        1750       1662  0.040132                7
0        2000       1900  0.041627               10
----------------------Training results for cv_fold_idx: 1----------------------
overlap: 0.05
  window_size step_width  Mean_EER best_n_neighbors
0         125        118  0.200282                4
0         250        237  0.118167                4
0         500        475   0.07491                4
0         750        712  0.059936                4
0        1000        950  0.057177                5
0        1250       1187  0.051548               10
0        1500       1425  0.056297                1
0        1750       1662  0.050329                4
0        2000       1900  0.050478                3
----------------------Training results for cv_fold_idx: 2----------------------
overlap: 0.05
  window_size step_width  Mean_EER best_n_neighbors
0         125        118  0.176744                9
0         250        237  0.102788                8
0         500        475  0.059377                4
0         750        712  0.044011                3
0        1000        950  0.028841                6
0        1250       1187  0.026058                2
0        1500       1425  0.022765                1
0        1750       1662  0.021564               10
0        2000       1900  0.020734                3