
----------------------------------------2023/07/30-07:17:27----------------------------------------

----------------------Training results for cv_fold_idx: 0----------------------
overlap: 0.6900000000000001
  window_size step_width  Mean_EER best_n_neighbors
0         125         38  0.213074                1
0         250         77   0.12268                3
0         500        154  0.071161                7
0         750        232  0.054964               12
0        1000        309  0.045992               13
0        1250        387   0.04084                7
0        1500        464  0.035129                8
0        1750        542  0.039839               19
0        2000        619  0.036885               19
----------------------Training results for cv_fold_idx: 1----------------------
overlap: 0.6900000000000001
  window_size step_width  Mean_EER best_n_neighbors
0         125         38  0.200646                2
0         250         77  0.115229                3
0         500        154  0.074224                2
0         750        232   0.06241                9
0        1000        309  0.057024               12
0        1250        387  0.050455                2
0        1500        464  0.047215                3
0        1750        542  0.047405                1
0        2000        619  0.048812                1
----------------------Training results for cv_fold_idx: 2----------------------
overlap: 0.6900000000000001
  window_size step_width  Mean_EER best_n_neighbors
0         125         38  0.181792                3
0         250         77  0.106509                4
0         500        154  0.056734               18
0         750        232  0.041783                9
0        1000        309  0.034638                3
0        1250        387  0.023785                3
0        1500        464  0.021114                1
0        1750        542  0.017706                3
0        2000        619   0.01594                5