
----------------------------------------2023/07/30-07:17:27----------------------------------------

----------------------Training results for cv_fold_idx: 0----------------------
overlap: 0.89
  window_size step_width  Mean_EER best_n_neighbors
0         125         13  0.215615                2
0         250         27  0.127414                3
0         500         54  0.073296                6
0         750         82  0.058763                8
0        1000        109   0.04789               16
0        1250        137  0.041379               12
0        1500        164  0.038523               12
0        1750        192  0.037845                6
0        2000        219  0.036056               18
----------------------Training results for cv_fold_idx: 1----------------------
overlap: 0.89
  window_size step_width  Mean_EER best_n_neighbors
0         125         13   0.20236                2
0         250         27  0.118664                3
0         500         54  0.074882                6
0         750         82   0.06531                9
0        1000        109  0.059682                5
0        1250        137  0.052577                4
0        1500        164  0.049768                2
0        1750        192  0.049752                5
0        2000        219  0.049516                7
----------------------Training results for cv_fold_idx: 2----------------------
overlap: 0.89
  window_size step_width  Mean_EER best_n_neighbors
0         125         13  0.186941                2
0         250         27  0.110103               14
0         500         54  0.060726               15
0         750         82   0.04444               17
0        1000        109  0.034317                3
0        1250        137  0.026104               10
0        1500        164  0.022446                4
0        1750        192  0.018731               11
0        2000        219  0.018182               15