
----------------------------------------2023/07/30-07:17:27----------------------------------------

----------------------Training results for cv_fold_idx: 0----------------------
overlap: 0.17
  window_size step_width  Mean_EER best_n_neighbors
0         125        103  0.210598                1
0         250        207  0.126172                1
0         500        415  0.069947                2
0         750        622  0.055622                7
0        1000        830  0.044421                4
0        1250       1037  0.043421                2
0        1500       1245  0.039967                7
0        1750       1452  0.032613               10
0        2000       1660  0.035417               11
----------------------Training results for cv_fold_idx: 1----------------------
overlap: 0.17
  window_size step_width  Mean_EER best_n_neighbors
0         125        103  0.201368                2
0         250        207  0.118682                2
0         500        415  0.073421                2
0         750        622  0.059968                2
0        1000        830  0.052526                4
0        1250       1037  0.051579                2
0        1500       1245  0.051891                1
0        1750       1452  0.042951                4
0        2000       1660  0.048026                3
----------------------Training results for cv_fold_idx: 2----------------------
overlap: 0.17
  window_size step_width  Mean_EER best_n_neighbors
0         125        103  0.180487                2
0         250        207   0.10881                1
0         500        415  0.059795                1
0         750        622  0.038499                4
0        1000        830  0.030819                4
0        1250       1037  0.023465                1
0        1500       1245    0.0233                1
0        1750       1452  0.020677                6
0        2000       1660  0.016691                3