
----------------------------------------2023/07/30-07:17:27----------------------------------------

----------------------Training results for cv_fold_idx: 0----------------------
overlap: 0.13
  window_size step_width  Mean_EER best_n_neighbors
0         125        108  0.218686                1
0         250        217  0.123986                2
0         500        435  0.067434                2
0         750        652   0.05403                6
0        1000        870  0.049485                3
0        1250       1087  0.047507                5
0        1500       1305  0.039123                8
0        1750       1522  0.040283                8
0        2000       1740  0.039234               10
----------------------Training results for cv_fold_idx: 1----------------------
overlap: 0.13
  window_size step_width  Mean_EER best_n_neighbors
0         125        108  0.206993                2
0         250        217  0.121354                3
0         500        435   0.06727                2
0         750        652  0.056949                2
0        1000        870  0.056751                4
0        1250       1087  0.053809                4
0        1500       1305  0.052368                3
0        1750       1522  0.052328                1
0        2000       1740   0.05323                4
----------------------Training results for cv_fold_idx: 2----------------------
overlap: 0.13
  window_size step_width  Mean_EER best_n_neighbors
0         125        108  0.183796                2
0         250        217  0.105096                4
0         500        435  0.054368                7
0         750        652  0.040616                8
0        1000        870   0.03388                2
0        1250       1087  0.022238                6
0        1500       1305  0.022807                3
0        1750       1522   0.02148                3
0        2000       1740   0.02193                2