
----------------------------------------2023/07/30-07:17:27----------------------------------------

----------------------Training results for cv_fold_idx: 0----------------------
overlap: 0.25
  window_size step_width  Mean_EER best_n_neighbors
0         125         93  0.209544                1
0         250        187  0.127869                2
0         500        375  0.072129                2
0         750        562  0.053378                6
0        1000        750   0.04922                9
0        1250        937  0.038577                4
0        1500       1125  0.035892                3
0        1750       1312   0.03807                2
0        2000       1500    0.0417               12
----------------------Training results for cv_fold_idx: 1----------------------
overlap: 0.25
  window_size step_width  Mean_EER best_n_neighbors
0         125         93  0.199667                2
0         250        187  0.116999                2
0         500        375  0.070263                3
0         750        562  0.060455                6
0        1000        750  0.058382                6
0        1250        937  0.048206                2
0        1500       1125  0.048977                4
0        1750       1312  0.050351                1
0        2000       1500   0.05334                2
----------------------Training results for cv_fold_idx: 2----------------------
overlap: 0.25
  window_size step_width  Mean_EER best_n_neighbors
0         125         93  0.178863                5
0         250        187  0.107397                9
0         500        375  0.062547                6
0         750        562  0.039039               12
0        1000        750  0.031676                6
0        1250        937  0.024256                7
0        1500       1125   0.02258                2
0        1750       1312  0.020663                2
0        2000       1500  0.020355                5