
----------------------------------------2023/07/30-07:17:27----------------------------------------

----------------------Training results for cv_fold_idx: 0----------------------
overlap: 0.93
  window_size step_width  Mean_EER best_n_neighbors
0         125          8  0.216174                1
0         250         17  0.129349                4
0         500         34    0.0744                6
0         750         52   0.05893               13
0        1000         69  0.047455               17
0        1250         87  0.041453               19
0        1500        104  0.038116               15
0        1750        122  0.035701                6
0        2000        139  0.036496               14
----------------------Training results for cv_fold_idx: 1----------------------
overlap: 0.93
  window_size step_width  Mean_EER best_n_neighbors
0         125          8  0.204208                3
0         250         17    0.1212                4
0         500         34   0.07658                6
0         750         52  0.067139                7
0        1000         69  0.059542               14
0        1250         87  0.053491                2
0        1500        104  0.050189                2
0        1750        122  0.050208                6
0        2000        139  0.048732                2
----------------------Training results for cv_fold_idx: 2----------------------
overlap: 0.93
  window_size step_width  Mean_EER best_n_neighbors
0         125          8  0.187987                3
0         250         17  0.112435               10
0         500         34   0.06175               19
0         750         52  0.045198               14
0        1000         69   0.03534               11
0        1250         87  0.026181                8
0        1500        104  0.022015                8
0        1750        122  0.021032               18
0        2000        139  0.016946                9