
----------------------------------------2023/07/30-07:17:27----------------------------------------

----------------------Training results for cv_fold_idx: 0----------------------
overlap: 0.77
  window_size step_width  Mean_EER best_n_neighbors
0         125         28  0.213161                2
0         250         57  0.126676                3
0         500        114  0.071455                5
0         750        172   0.05649                7
0        1000        229  0.045858               13
0        1250        287  0.040923               19
0        1500        345  0.038389               13
0        1750        402  0.037034               15
0        2000        459  0.037782               14
----------------------Training results for cv_fold_idx: 1----------------------
overlap: 0.77
  window_size step_width  Mean_EER best_n_neighbors
0         125         28  0.201931                2
0         250         57  0.117927                2
0         500        114  0.073092                4
0         750        172   0.06405                7
0        1000        229   0.05474               12
0        1250        287  0.051678               12
0        1500        345  0.048846                3
0        1750        402  0.048547               11
0        2000        459  0.051911                1
----------------------Training results for cv_fold_idx: 2----------------------
overlap: 0.77
  window_size step_width  Mean_EER best_n_neighbors
0         125         28  0.183862                1
0         250         57  0.109469                2
0         500        114  0.057586               15
0         750        172  0.044033               15
0        1000        229   0.03238                5
0        1250        287  0.025002                2
0        1500        345  0.021853               16
0        1750        402  0.019493               10
0        2000        459  0.019354                2