
----------------------------------------2023/07/30-07:17:27----------------------------------------

----------------------Training results for cv_fold_idx: 0----------------------
overlap: 0.81
  window_size step_width  Mean_EER best_n_neighbors
0         125         23  0.211806                1
0         250         47  0.128093                2
0         500         94  0.072362                1
0         750        142   0.05691                4
0        1000        189  0.045333               14
0        1250        237  0.042466               17
0        1500        284  0.038387                4
0        1750        332   0.03725                5
0        2000        379  0.037951                2
----------------------Training results for cv_fold_idx: 1----------------------
overlap: 0.81
  window_size step_width  Mean_EER best_n_neighbors
0         125         23   0.20103                2
0         250         47  0.117582                1
0         500         94  0.074015                1
0         750        142  0.065412               14
0        1000        189  0.056144               17
0        1250        237  0.052961                2
0        1500        284  0.049333                2
0        1750        332   0.04814                5
0        2000        379  0.051264                7
----------------------Training results for cv_fold_idx: 2----------------------
overlap: 0.81
  window_size step_width  Mean_EER best_n_neighbors
0         125         23  0.184479                1
0         250         47  0.109348                5
0         500         94  0.059548               19
0         750        142   0.04387               16
0        1000        189  0.033612               17
0        1250        237  0.026211                8
0        1500        284  0.020235                3
0        1750        332  0.018401                6
0        2000        379  0.017372                3