
----------------------------------------2023/07/30-07:17:27----------------------------------------

----------------------Training results for cv_fold_idx: 0----------------------
overlap: 0.73
  window_size step_width  Mean_EER best_n_neighbors
0         125         33  0.210479                1
0         250         67  0.121537                4
0         500        135  0.072888                3
0         750        202  0.059276               10
0        1000        270  0.045667                9
0        1250        337  0.042663               12
0        1500        405  0.036762               13
0        1750        472  0.036585               18
0        2000        540  0.037865                8
----------------------Training results for cv_fold_idx: 1----------------------
overlap: 0.73
  window_size step_width  Mean_EER best_n_neighbors
0         125         33  0.200624                1
0         250         67  0.115246                3
0         500        135  0.075303                3
0         750        202  0.063418                7
0        1000        270  0.057737                6
0        1250        337  0.052855                6
0        1500        405  0.049812               10
0        1750        472  0.048363               10
0        2000        540  0.050402                1
----------------------Training results for cv_fold_idx: 2----------------------
overlap: 0.73
  window_size step_width  Mean_EER best_n_neighbors
0         125         33  0.181028                1
0         250         67  0.106348                4
0         500        135  0.059807               19
0         750        202  0.043136               17
0        1000        270  0.034269                6
0        1250        337  0.026365                7
0        1500        405  0.021631               10
0        1750        472  0.018293                2
0        2000        540  0.016529                1