
----------------------------------------2023/07/30-07:17:27----------------------------------------

----------------------Training results for cv_fold_idx: 0----------------------
overlap: 0.85
  window_size step_width  Mean_EER best_n_neighbors
0         125         18  0.214423                1
0         250         37  0.128767                4
0         500         75  0.071725                4
0         750        112  0.057226               14
0        1000        150  0.048085                3
0        1250        187  0.041236               19
0        1500        225  0.038294                3
0        1750        262   0.03622               10
0        2000        300  0.035814               19
----------------------Training results for cv_fold_idx: 1----------------------
overlap: 0.85
  window_size step_width  Mean_EER best_n_neighbors
0         125         18   0.20132                1
0         250         37  0.119774                5
0         500         75  0.073127                4
0         750        112  0.065237                9
0        1000        150  0.058778                3
0        1250        187  0.051626                8
0        1500        225  0.049803                3
0        1750        262  0.048346               10
0        2000        300  0.047307                8
----------------------Training results for cv_fold_idx: 2----------------------
overlap: 0.85
  window_size step_width  Mean_EER best_n_neighbors
0         125         18  0.184364                1
0         250         37  0.109792                6
0         500         75  0.058826               16
0         750        112  0.044175               14
0        1000        150  0.034815               13
0        1250        187  0.024509                7
0        1500        225  0.021123                7
0        1750        262  0.019401               12
0        2000        300  0.016333                8