
----------------------------------------2023/06/08-02:07:30----------------------------------------

----------------------------------------final_experiments_results/WACA-kNN/overlap_Mean_EER_df_train_dict.txt----------------------------------------

----------------------
\overlap: 0.01
  window_size step_width  Mean_EER best_n_neighbors
0         125        123  0.211519                1
0         250        247  0.167629                9
0         500        495  0.124961                9
0         750        742  0.124855                9
0        1000        990  0.111232                9
0        1250       1237  0.106424                9
0        1500       1485  0.114527                9
0        1750       1732  0.122149                9
0        2000       1980      0.11                9
----------------------
\overlap: 0.05
  window_size step_width  Mean_EER best_n_neighbors
0         125        118  0.211306                6
0         250        237  0.169021                8
0         500        475  0.135142               10
0         750        712  0.117698               10
0        1000        950  0.117245               10
0        1250       1187  0.116998               10
0        1500       1425   0.11401               10
0        1750       1662   0.11525               10
0        2000       1900   0.10933               10
----------------------
\overlap: 0.09
  window_size step_width  Mean_EER best_n_neighbors
0         125        113   0.21593                8
0         250        227  0.159469                5
0         500        455  0.133173               10
0         750        682  0.118189                9
0        1000        910  0.125669                8
0        1250       1137  0.113795               10
0        1500       1365  0.145391               10
0        1750       1592  0.133005               10
0        2000       1820  0.122249               10
----------------------
\overlap: 0.13
  window_size step_width  Mean_EER best_n_neighbors
0         125        108  0.217135               10
0         250        217  0.161371               10
0         500        435  0.125265               10
0         750        652  0.115829               10
0        1000        870  0.117813               10
0        1250       1087  0.121788                9
0        1500       1305  0.119298               10
0        1750       1522  0.119086               10
0        2000       1740  0.113509               10
----------------------
\overlap: 0.17
  window_size step_width  Mean_EER best_n_neighbors
0         125        103  0.214879                6
0         250        207  0.167771               11
0         500        415  0.126055               11
0         750        622  0.113733               11
0        1000        830  0.112015               10
0        1250       1037   0.12899               11
0        1500       1245   0.11129               11
0        1750       1452  0.124544               11
0        2000       1660  0.092982               11
----------------------
\overlap: 0.21
  window_size step_width  Mean_EER best_n_neighbors
0         125         98  0.216979                2
0         250        197  0.167735               10
0         500        395  0.131602               12
0         750        592  0.120051               12
0        1000        790  0.118879               10
0        1250        987  0.105651               11
0        1500       1185  0.110347               12
0        1750       1382   0.11261               12
0        2000       1580  0.100108               12
----------------------
\overlap: 0.25
  window_size step_width  Mean_EER best_n_neighbors
0         125         93  0.209795                3
0         250        187  0.164194               12
0         500        375  0.125668               12
0         750        562  0.107482               12
0        1000        750  0.116507               11
0        1250        937  0.103005               12
0        1500       1125  0.107997               12
0        1750       1312  0.137555               12
0        2000       1500  0.115236               12
----------------------
\overlap: 0.29
  window_size step_width  Mean_EER best_n_neighbors
0         125         88   0.21349                6
0         250        177  0.160871               13
0         500        355  0.123022               13
0         750        532  0.114429               11
0        1000        710  0.122685               11
0        1250        887  0.104468               12
0        1500       1065  0.120495               13
0        1750       1242  0.110782               13
0        2000       1420  0.102384               13
----------------------
\overlap: 0.33
  window_size step_width  Mean_EER best_n_neighbors
0         125         83  0.213165                2
0         250        167  0.160848                5
0         500        334   0.12266               12
0         750        502  0.113379               14
0        1000        669   0.12268               14
0        1250        837  0.116956               14
0        1500       1004  0.120913               14
0        1750       1172   0.10163               14
0        2000       1339  0.097132               14
----------------------
\overlap: 0.37
  window_size step_width  Mean_EER best_n_neighbors
0         125         78  0.211677                2
0         250        157  0.160618               12
0         500        315  0.123298               15
0         750        472  0.109042               15
0        1000        630  0.117063               14
0        1250        787  0.106036               12
0        1500        945  0.121854               15
0        1750       1102  0.105242               15
0        2000       1260  0.103642               15
----------------------
\overlap: 0.41000000000000003
  window_size step_width  Mean_EER best_n_neighbors
0         125         73  0.210381                1
0         250        147  0.157479               15
0         500        295  0.122512               16
0         750        442  0.103106               15
0        1000        590  0.111706               16
0        1250        737  0.102467               16
0        1500        885  0.120442               16
0        1750       1032   0.10792               16
0        2000       1180  0.090574               16
----------------------
\overlap: 0.45
  window_size step_width  Mean_EER best_n_neighbors
0         125         68  0.209358                2
0         250        137  0.160259                7
0         500        275  0.120646               17
0         750        412  0.111903               17
0        1000        550  0.112268               13
0        1250        687    0.1267               17
0        1500        825  0.126659               17
0        1750        962  0.128959               17
0        2000       1100  0.095039               16
----------------------
\overlap: 0.49
  window_size step_width  Mean_EER best_n_neighbors
0         125         63  0.213876                2
0         250        127  0.155103               17
0         500        255  0.119985               18
0         750        382  0.106578               18
0        1000        510  0.106519               18
0        1250        637  0.121655               18
0        1500        765  0.125646               18
0        1750        892  0.127713               18
0        2000       1020  0.095397               18
----------------------
\overlap: 0.53
  window_size step_width  Mean_EER best_n_neighbors
0         125         58  0.210268                2
0         250        117  0.161922               19
0         500        235  0.123736               17
0         750        352  0.110386               18
0        1000        470  0.122608               19
0        1250        587  0.125968               19
0        1500        705  0.105852               19
0        1750        822  0.116744               18
0        2000        940  0.106212               19
----------------------
\overlap: 0.5700000000000001
  window_size step_width  Mean_EER best_n_neighbors
0         125         53  0.208534                5
0         250        107  0.161418               18
0         500        214  0.121344               19
0         750        322  0.107373               19
0        1000        429  0.133182               19
0        1250        537  0.122734               19
0        1500        644   0.10713               17
0        1750        752  0.133721               19
0        2000        859  0.106824               19
----------------------
\overlap: 0.61
  window_size step_width  Mean_EER best_n_neighbors
0         125         48   0.20815                7
0         250         97  0.158701               19
0         500        195  0.116916               19
0         750        292  0.107975               19
0        1000        390  0.123808               19
0        1250        487  0.122256               19
0        1500        585  0.110949               19
0        1750        682  0.126489               19
0        2000        780  0.101136               19
----------------------
\overlap: 0.65
  window_size step_width  Mean_EER best_n_neighbors
0         125         43  0.212445                4
0         250         87  0.156048               18
0         500        175  0.115652               15
0         750        262  0.106264               19
0        1000        350  0.109358               19
0        1250        437  0.128245               19
0        1500        525  0.127831               19
0        1750        612  0.143408               19
0        2000        700  0.134743               19
----------------------
\overlap: 0.6900000000000001
  window_size step_width  Mean_EER best_n_neighbors
0         125         38  0.207527                2
0         250         77  0.152018                8
0         500        154  0.120009               19
0         750        232  0.108754               19
0        1000        309  0.135401               19
0        1250        387  0.140142               19
0        1500        464  0.142321               19
0        1750        542  0.137236               19
0        2000        619  0.145384               19
----------------------
\overlap: 0.73
  window_size step_width  Mean_EER best_n_neighbors
0         125         33  0.208209                3
0         250         67   0.15521               19
0         500        135  0.112467               19
0         750        202  0.111642               19
0        1000        270   0.12036               19
0        1250        337  0.146758               19
0        1500        405   0.15793               19
0        1750        472   0.14548               19
0        2000        540  0.154114               19
----------------------
\overlap: 0.77
  window_size step_width  Mean_EER best_n_neighbors
0         125         28  0.208379                2
0         250         57  0.154182               19
0         500        114  0.115613               19
0         750        172  0.124601               19
0        1000        229  0.134065               19
0        1250        287   0.13875               19
0        1500        345  0.166252               19
0        1750        402  0.160902               19
0        2000        459  0.182444               19
----------------------
\overlap: 0.81
  window_size step_width  Mean_EER best_n_neighbors
0         125         23  0.209513               18
0         250         47  0.157285               19
0         500         94  0.121516               19
0         750        142  0.143333               19
0        1000        189  0.165496               19
0        1250        237   0.16951               19
0        1500        284  0.154941               19
0        1750        332  0.170972               19
0        2000        379  0.195941               19
----------------------
\overlap: 0.85
  window_size step_width  Mean_EER best_n_neighbors
0         125         18  0.208281               19
0         250         37  0.154513               17
0         500         75  0.125355               19
0         750        112  0.160844               19
0        1000        150  0.177293               19
0        1250        187  0.184397               19
0        1500        225  0.206005               19
0        1750        262   0.19827               19
0        2000        300  0.208346               19
----------------------
\overlap: 0.89
  window_size step_width  Mean_EER best_n_neighbors
0         125         13  0.208169               19
0         250         27   0.15284               19
0         500         54  0.132916               19
0         750         82  0.174428               19
0        1000        109  0.208418               19
0        1250        137  0.233235               19
0        1500        164  0.247482               19
0        1750        192  0.226546               19
0        2000        219  0.243852               19
----------------------
\overlap: 0.93
  window_size step_width  Mean_EER best_n_neighbors
0         125          8  0.209702               19
0         250         17  0.155759               19
0         500         34  0.162826               19
0         750         52  0.221921               19
0        1000         69  0.257091               19
0        1250         87  0.282054               19
0        1500        104  0.302422               19
0        1750        122   0.29821               19
0        2000        139  0.310155               19
----------------------
\overlap: 0.97
  window_size step_width  Mean_EER best_n_neighbors
0         125          3  0.214982               19
0         250          7  0.166028               19
0         500         15  0.232154               19
0         750         22  0.328034               19
0        1000         30   0.35193               19
0        1250         37  0.347625               19
0        1500         45  0.365887               19
0        1750         52  0.370984               19
0        2000         60  0.393159               19
----------------------

Sorting based on Mean EER among windows
1) (0.41000000000000003, 0.1251763904547657)
2) (0.37, 0.12871904736441916)
3) (0.33, 0.1299292176853789)
4) (0.49, 0.1302747861529896)
5) (0.29, 0.13029172856092705)
6) (0.61, 0.13070900842074934)
7) (0.53, 0.13152176243592362)
8) (0.21, 0.13155134665928506)
9) (0.25, 0.13193779061828614)
10) (0.45, 0.13242121158111952)
11) (0.17, 0.13247318550735815)
12) (0.01, 0.13258837517712438)
13) (0.5700000000000001, 0.1335844944829999)
14) (0.05, 0.1340000326895248)
15) (0.13, 0.13456597895149425)
16) (0.65, 0.1371103300090507)
17) (0.09, 0.14076333107411895)
18) (0.6900000000000001, 0.14319909705014958)
19) (0.73, 0.1457967760620451)
20) (0.77, 0.15390969222072326)
21) (0.81, 0.16538952974635193)
22) (0.85, 0.18036712025203025)
23) (0.89, 0.20309830998016856)
24) (0.93, 0.24446002192165528)
25) (0.97, 0.3078647244701958)
