
----------------------------------------2023/07/30-07:17:27----------------------------------------

----------------------Training results for cv_fold_idx: 0----------------------
overlap: 0.65
  window_size step_width  Mean_EER best_n_neighbors
0         125         43  0.213431                2
0         250         87  0.126932                2
0         500        175  0.070785                8
0         750        262  0.056309                5
0        1000        350  0.047641               18
0        1250        437  0.041876                7
0        1500        525   0.03473               13
0        1750        612  0.037582                1
0        2000        700  0.036607               10
----------------------Training results for cv_fold_idx: 1----------------------
overlap: 0.65
  window_size step_width  Mean_EER best_n_neighbors
0         125         43  0.203062                2
0         250         87  0.118432                2
0         500        175  0.073796                5
0         750        262  0.064659               11
0        1000        350  0.058326               19
0        1250        437  0.048999                4
0        1500        525   0.04858               13
0        1750        612   0.04634                2
0        2000        700  0.046711                3
----------------------Training results for cv_fold_idx: 2----------------------
overlap: 0.65
  window_size step_width  Mean_EER best_n_neighbors
0         125         43  0.183744                2
0         250         87  0.107202               11
0         500        175   0.05838               19
0         750        262  0.043972               12
0        1000        350   0.03297               16
0        1250        437  0.023996                6
0        1500        525  0.021507               15
0        1750        612  0.017315                3
0        2000        700  0.017648               16