
----------------------------------------2023/07/30-07:17:27----------------------------------------

----------------------Training results for cv_fold_idx: 0----------------------
overlap: 0.41000000000000003
  window_size step_width  Mean_EER best_n_neighbors
0         125         73  0.208792                1
0         250        147  0.127539                6
0         500        295  0.072914                4
0         750        442  0.054634                5
0        1000        590   0.05031               13
0        1250        737  0.046394                1
0        1500        885  0.037414                4
0        1750       1032  0.039058                1
0        2000       1180  0.036687                6
----------------------Training results for cv_fold_idx: 1----------------------
overlap: 0.41000000000000003
  window_size step_width  Mean_EER best_n_neighbors
0         125         73   0.20075                1
0         250        147   0.11667                4
0         500        295  0.073929               12
0         750        442  0.059068               11
0        1000        590  0.057701                1
0        1250        737  0.052875                8
0        1500        885  0.049714                1
0        1750       1032  0.052978                2
0        2000       1180  0.047755               13
----------------------Training results for cv_fold_idx: 2----------------------
overlap: 0.41000000000000003
  window_size step_width  Mean_EER best_n_neighbors
0         125         73  0.179298                1
0         250        147  0.105387                8
0         500        295  0.057393               10
0         750        442   0.03887               15
0        1000        590  0.032895                2
0        1250        737  0.025125                5
0        1500        885  0.022565                9
0        1750       1032  0.020237                6
0        2000       1180  0.018404                8