
----------------------------------------2023/07/30-07:17:27----------------------------------------

----------------------Training results for cv_fold_idx: 0----------------------
overlap: 0.53
  window_size step_width  Mean_EER best_n_neighbors
0         125         58  0.209408                1
0         250        117  0.123559                1
0         500        235  0.072413                8
0         750        352  0.057827               14
0        1000        470  0.047552                8
0        1250        587   0.04137                3
0        1500        705   0.03703                5
0        1750        822  0.035471                7
0        2000        940   0.03891                5
----------------------Training results for cv_fold_idx: 1----------------------
overlap: 0.53
  window_size step_width  Mean_EER best_n_neighbors
0         125         58  0.198812                2
0         250        117  0.118192                1
0         500        235  0.074641               13
0         750        352  0.063816                9
0        1000        470  0.056426                6
0        1250        587  0.050619                3
0        1500        705  0.047086                3
0        1750        822  0.046546                2
0        2000        940  0.048496                7
----------------------Training results for cv_fold_idx: 2----------------------
overlap: 0.53
  window_size step_width  Mean_EER best_n_neighbors
0         125         58  0.178911                2
0         250        117  0.107415                2
0         500        235  0.056702               19
0         750        352  0.043784               13
0        1000        470  0.031212                8
0        1250        587    0.0258                2
0        1500        705  0.020833               10
0        1750        822  0.018579               13
0        2000        940  0.015943                8