
----------------------------------------2023/07/30-07:17:27----------------------------------------

----------------------Training results for cv_fold_idx: 0----------------------
overlap: 0.01
  window_size step_width  Mean_EER best_n_neighbors
0         125        123  0.208676                1
0         250        247  0.121842                3
0         500        495  0.078947                1
0         750        742  0.055921                5
0        1000        990  0.049436                6
0        1250       1237  0.045395                2
0        1500       1485  0.035338                3
0        1750       1732  0.038158                8
0        2000       1980  0.039737                4
----------------------Training results for cv_fold_idx: 1----------------------
overlap: 0.01
  window_size step_width  Mean_EER best_n_neighbors
0         125        123  0.198181                1
0         250        247  0.122957                2
0         500        495  0.075658                5
0         750        742  0.059962                7
0        1000        990   0.05589                4
0        1250       1237  0.052549                6
0        1500       1485  0.049812                2
0        1750       1732  0.051425                4
0        2000       1980  0.051447                4
----------------------Training results for cv_fold_idx: 2----------------------
overlap: 0.01
  window_size step_width  Mean_EER best_n_neighbors
0         125        123  0.176875                2
0         250        247  0.105831                2
0         500        495  0.060951                8
0         750        742  0.037437                5
0        1000        990  0.031328                8
0        1250       1237  0.027595                5
0        1500       1485  0.025272                9
0        1750       1732  0.023392                3
0        2000       1980  0.020322                7