
----------------------------------------2023/07/30-07:17:27----------------------------------------

----------------------Training results for cv_fold_idx: 0----------------------
overlap: 0.37
  window_size step_width  Mean_EER best_n_neighbors
0         125         78  0.210757                1
0         250        157  0.121686                1
0         500        315  0.071711               14
0         750        472  0.056946               13
0        1000        630  0.048026                3
0        1250        787  0.040283                8
0        1500        945  0.038158               11
0        1750       1102  0.036038                7
0        2000       1260  0.039062               15
----------------------Training results for cv_fold_idx: 1----------------------
overlap: 0.37
  window_size step_width  Mean_EER best_n_neighbors
0         125         78  0.197324                4
0         250        157  0.115156                3
0         500        315  0.070993                4
0         750        472  0.064841                4
0        1000        630  0.055428                2
0        1250        787  0.047621                8
0        1500        945  0.048496                2
0        1750       1102  0.046053                2
0        2000       1260  0.047533                1
----------------------Training results for cv_fold_idx: 2----------------------
overlap: 0.37
  window_size step_width  Mean_EER best_n_neighbors
0         125         78  0.180441                1
0         250        157  0.104197                5
0         500        315  0.055954               14
0         750        472  0.041378                5
0        1000        630  0.030565                4
0        1250        787  0.021986                3
0        1500        945  0.021512               13
0        1750       1102  0.020468                2
0        2000       1260  0.018549                5