
----------------------------------------2023/07/30-07:17:27----------------------------------------

----------------------Training results for cv_fold_idx: 0----------------------
overlap: 0.97
  window_size step_width  Mean_EER best_n_neighbors
0         125          3  0.218074                3
0         250          7  0.131916                7
0         500         15  0.075117               11
0         750         22  0.060119               18
0        1000         30  0.049611               15
0        1250         37  0.043857               12
0        1500         45  0.039631               18
0        1750         52  0.038686               19
0        2000         60   0.03947               12
----------------------Training results for cv_fold_idx: 1----------------------
overlap: 0.97
  window_size step_width  Mean_EER best_n_neighbors
0         125          3  0.205533                4
0         250          7  0.123629                7
0         500         15  0.077133               11
0         750         22  0.068537               19
0        1000         30   0.06128                4
0        1250         37  0.056276                8
0        1500         45  0.052656                8
0        1750         52  0.050145               19
0        2000         60  0.052291               15
----------------------Training results for cv_fold_idx: 2----------------------
overlap: 0.97
  window_size step_width  Mean_EER best_n_neighbors
0         125          3  0.189892                7
0         250          7  0.115087               16
0         500         15  0.063615               14
0         750         22  0.048427               19
0        1000         30  0.036317               18
0        1250         37  0.029245               17
0        1500         45  0.024086               14
0        1750         52    0.0226               17
0        2000         60  0.018213               13