
----------------------------------------2023/07/30-07:17:27----------------------------------------

----------------------Training results for cv_fold_idx: 0----------------------
overlap: 0.61
  window_size step_width  Mean_EER best_n_neighbors
0         125         48  0.211639                1
0         250         97  0.124496                2
0         500        195  0.069352                2
0         750        292  0.056259               18
0        1000        390  0.045774               11
0        1250        487  0.042073                1
0        1500        585  0.036339               19
0        1750        682  0.041243                4
0        2000        780  0.039368               17
----------------------Training results for cv_fold_idx: 1----------------------
overlap: 0.61
  window_size step_width  Mean_EER best_n_neighbors
0         125         48  0.198696                2
0         250         97   0.11606                3
0         500        195  0.072927                7
0         750        292  0.063929                9
0        1000        390  0.056579                3
0        1250        487  0.051348                2
0        1500        585   0.04969                1
0        1750        682  0.052677                2
0        2000        780  0.051158                8
----------------------Training results for cv_fold_idx: 2----------------------
overlap: 0.61
  window_size step_width  Mean_EER best_n_neighbors
0         125         48   0.18044                2
0         250         97  0.105878                3
0         500        195  0.055018               14
0         750        292  0.040602                9
0        1000        390  0.033682                4
0        1250        487  0.024497                2
0        1500        585  0.020984                2
0        1750        682   0.01835                3
0        2000        780  0.017427                1