
----------------------------------------2023/06/07-18:13:58----------------------------------------

----------------------------------------final_experiments_results/WACA-kNN/SMA_Mean_EER_Realworld-per_unknown_window_df_train_dict.txt----------------------------------------

----------------------
\SMA winsize: 1
  window_size step_width  Mean_EER best_n_neighbors
0         125         62  0.208065                2
0         250        125  0.156352               19
0         500        250   0.11786               19
0         750        375  0.103461               19
0        1000        500  0.116467               19
0        1250        625  0.118253               19
0        1500        750  0.124009               19
0        1750        875  0.100644               19
0        2000       1000  0.101289               19
----------------------
\SMA winsize: 5
  window_size step_width  Mean_EER best_n_neighbors
0         125         62  0.214073                3
0         250        125  0.164589               18
0         500        250  0.125006               19
0         750        375  0.109769               18
0        1000        500  0.114685               19
0        1250        625  0.116702               18
0        1500        750  0.115677               19
0        1750        875  0.112083               18
0        2000       1000  0.102369               19
----------------------
\SMA winsize: 9
  window_size step_width  Mean_EER best_n_neighbors
0         125         62  0.220165                1
0         250        125  0.172416               11
0         500        250  0.130073               19
0         750        375  0.112522               19
0        1000        500  0.113256               19
0        1250        625  0.102684               15
0        1500        750   0.10962               19
0        1750        875  0.095196               19
0        2000       1000  0.097212               19
----------------------
\SMA winsize: 13
  window_size step_width  Mean_EER best_n_neighbors
0         125         62  0.237549                1
0         250        125  0.187099               10
0         500        250  0.142618               19
0         750        375   0.12304               17
0        1000        500   0.11867               19
0        1250        625  0.107941               19
0        1500        750  0.111154               19
0        1750        875  0.098107               19
0        2000       1000  0.101248               19
----------------------
\SMA winsize: 17
  window_size step_width  Mean_EER best_n_neighbors
0         125         62  0.259645                1
0         250        125  0.202197                3
0         500        250  0.157085               19
0         750        375  0.138044               19
0        1000        500  0.119784               19
0        1250        625  0.116903               19
0        1500        750  0.123323               19
0        1750        875  0.102402               19
0        2000       1000  0.094083               19
----------------------
\SMA winsize: 21
  window_size step_width  Mean_EER best_n_neighbors
0         125         62  0.276541                2
0         250        125  0.220072                4
0         500        250  0.177289               19
0         750        375  0.149157               19
0        1000        500  0.133415               19
0        1250        625  0.118701               19
0        1500        750  0.119929               19
0        1750        875  0.110817               19
0        2000       1000  0.098593               19
----------------------
\SMA winsize: 25
  window_size step_width  Mean_EER best_n_neighbors
0         125         62  0.291916                1
0         250        125  0.237279                5
0         500        250  0.192806               19
0         750        375   0.16745               19
0        1000        500  0.153251               19
0        1250        625  0.130837               19
0        1500        750  0.133717               19
0        1750        875  0.110778               19
0        2000       1000  0.101604               19
----------------------
\SMA winsize: 29
  window_size step_width  Mean_EER best_n_neighbors
0         125         62  0.304662                1
0         250        125   0.25101                1
0         500        250  0.211756               19
0         750        375  0.185248               18
0        1000        500  0.162371               19
0        1250        625   0.13978               19
0        1500        750  0.146201               19
0        1750        875  0.125841               19
0        2000       1000  0.110584               19
----------------------
\SMA winsize: 33
  window_size step_width  Mean_EER best_n_neighbors
0         125         62  0.316263                2
0         250        125  0.270186                2
0         500        250  0.228284               18
0         750        375  0.196497               19
0        1000        500  0.177642               19
0        1250        625  0.148589               19
0        1500        750  0.152987               19
0        1750        875      0.13               19
0        2000       1000  0.121255               19
----------------------
\SMA winsize: 37
  window_size step_width  Mean_EER best_n_neighbors
0         125         62  0.327162                5
0         250        125  0.285757                4
0         500        250  0.247477               19
0         750        375  0.222454               19
0        1000        500  0.204299               19
0        1250        625  0.173768               19
0        1500        750  0.170796               19
0        1750        875  0.147554               19
0        2000       1000  0.136612               19
----------------------
\SMA winsize: 41
  window_size step_width  Mean_EER best_n_neighbors
0         125         62  0.338021                4
0         250        125  0.298245                7
0         500        250  0.260119               19
0         750        375  0.230134               19
0        1000        500  0.217342               19
0        1250        625  0.189255               19
0        1500        750  0.189808               19
0        1750        875  0.162169               19
0        2000       1000  0.155891               19
----------------------
\SMA winsize: 45
  window_size step_width  Mean_EER best_n_neighbors
0         125         62  0.346521                1
0         250        125  0.309923                6
0         500        250  0.271332               19
0         750        375  0.242883               19
0        1000        500  0.235814               19
0        1250        625  0.205567               19
0        1500        750  0.200211               19
0        1750        875  0.171697               19
0        2000       1000  0.173476               19
----------------------
\SMA winsize: 49
  window_size step_width  Mean_EER best_n_neighbors
0         125         62  0.356243                1
0         250        125  0.321769               11
0         500        250  0.281539               19
0         750        375  0.256228               17
0        1000        500  0.245304               19
0        1250        625  0.223676               19
0        1500        750  0.216251               19
0        1750        875  0.194508               19
0        2000       1000  0.187007               19
----------------------

Sorting based on Mean EER among windows
1) (1, 0.12737778812355263)
2) (9, 0.12812694970641383)
3) (5, 0.13055034162631274)
4) (13, 0.13638068634900205)
5) (17, 0.1459406587400143)
6) (21, 0.15605695591453841)
7) (25, 0.16884864867329824)
8) (29, 0.18193933717183597)
9) (33, 0.1935225421726917)
10) (37, 0.21287528355222865)
11) (41, 0.22677604382437622)
12) (45, 0.23971380939287343)
13) (49, 0.25361383914124835)
