
----------------------------------------2023/06/07-16:13:13----------------------------------------

----------------------------------------final_experiments_results/WACA-kNN/SMA_Mean_EER_Naive_df_train_dict.txt----------------------------------------

----------------------
\SMA winsize: 1
  window_size step_width  Mean_EER best_n_neighbors
0         125         62  0.208065                2
0         250        125  0.156352               19
0         500        250   0.11786               19
0         750        375  0.103461               19
0        1000        500  0.116467               19
0        1250        625  0.118253               19
0        1500        750  0.124009               19
0        1750        875  0.100644               19
0        2000       1000  0.101289               19
----------------------
\SMA winsize: 5
  window_size step_width  Mean_EER best_n_neighbors
0         125         62  0.205148                2
0         250        125  0.160414               17
0         500        250   0.12336               19
0         750        375   0.10868               19
0        1000        500  0.114305               19
0        1250        625  0.114433               16
0        1500        750  0.115129               19
0        1750        875  0.109838               18
0        2000       1000  0.101405               19
----------------------
\SMA winsize: 9
  window_size step_width  Mean_EER best_n_neighbors
0         125         62  0.201344                1
0         250        125  0.160039               12
0         500        250  0.125855               19
0         750        375  0.108925               19
0        1000        500  0.108357               15
0        1250        625  0.099365               18
0        1500        750  0.107635               19
0        1750        875  0.092804               19
0        2000       1000  0.092749               19
----------------------
\SMA winsize: 13
  window_size step_width  Mean_EER best_n_neighbors
0         125         62  0.201008                1
0         250        125  0.163906               11
0         500        250  0.128996               19
0         750        375  0.113688               19
0        1000        500  0.108938               19
0        1250        625  0.099131               19
0        1500        750  0.106825               19
0        1750        875  0.095993               19
0        2000       1000  0.093888               19
----------------------
\SMA winsize: 17
  window_size step_width  Mean_EER best_n_neighbors
0         125         62  0.202416                1
0         250        125  0.162756                2
0         500        250  0.133745               19
0         750        375  0.120091               19
0        1000        500  0.106548               19
0        1250        625   0.10558               19
0        1500        750  0.118249               19
0        1750        875  0.100103               19
0        2000       1000   0.08713               19
----------------------
\SMA winsize: 21
  window_size step_width  Mean_EER best_n_neighbors
0         125         62  0.200242                1
0         250        125  0.163333                3
0         500        250  0.136268               19
0         750        375  0.122764               19
0        1000        500  0.110662               18
0        1250        625  0.100423               19
0        1500        750  0.107346               19
0        1750        875  0.103089               19
0        2000       1000  0.087845               19
----------------------
\SMA winsize: 25
  window_size step_width  Mean_EER best_n_neighbors
0         125         62  0.196799                1
0         250        125  0.161864                2
0         500        250  0.134318               18
0         750        375   0.12121               19
0        1000        500  0.110969               19
0        1250        625  0.102658               19
0        1500        750  0.110274               19
0        1750        875  0.102482               19
0        2000       1000  0.088985               19
----------------------
\SMA winsize: 29
  window_size step_width  Mean_EER best_n_neighbors
0         125         62  0.192449                1
0         250        125  0.159072                2
0         500        250  0.134911               19
0         750        375  0.125644               19
0        1000        500  0.109482               19
0        1250        625  0.102073               19
0        1500        750  0.110665               19
0        1750        875  0.102606               19
0        2000       1000  0.090589               19
----------------------
\SMA winsize: 33
  window_size step_width  Mean_EER best_n_neighbors
0         125         62  0.188138                1
0         250        125  0.152549                2
0         500        250  0.134286                9
0         750        375  0.122009               19
0        1000        500  0.111438               17
0        1250        625  0.102659               19
0        1500        750   0.11002               19
0        1750        875  0.102548               19
0        2000       1000  0.089155               19
----------------------
\SMA winsize: 37
  window_size step_width  Mean_EER best_n_neighbors
0         125         62  0.182687                1
0         250        125  0.152895                1
0         500        250  0.132276               19
0         750        375  0.121807               19
0        1000        500  0.111618               18
0        1250        625  0.107422               19
0        1500        750   0.11267               19
0        1750        875   0.10475               19
0        2000       1000   0.09444               19
----------------------
\SMA winsize: 41
  window_size step_width  Mean_EER best_n_neighbors
0         125         62  0.176307                1
0         250        125  0.149892                2
0         500        250   0.13105               15
0         750        375  0.117626               19
0        1000        500  0.111715               19
0        1250        625  0.106191               19
0        1500        750  0.112386               19
0        1750        875  0.107773               19
0        2000       1000  0.098266               19
----------------------
\SMA winsize: 45
  window_size step_width  Mean_EER best_n_neighbors
0         125         62  0.173067                1
0         250        125  0.148895                1
0         500        250    0.1326               19
0         750        375  0.117866               19
0        1000        500  0.114959               19
0        1250        625  0.108224               19
0        1500        750  0.111067               19
0        1750        875   0.10744               19
0        2000       1000  0.098683               19
----------------------
\SMA winsize: 49
  window_size step_width  Mean_EER best_n_neighbors
0         125         62  0.170638                1
0         250        125  0.146971                3
0         500        250  0.129439               19
0         750        375  0.117478               19
0        1000        500  0.114973               19
0        1250        625  0.107461               19
0        1500        750  0.109131               19
0        1750        875  0.112428               19
0        2000       1000  0.103001               19
----------------------

Sorting based on Mean EER among windows
1) (9, 0.12189699977160699)
2) (41, 0.12346741386160567)
3) (49, 0.12350226036786045)
4) (13, 0.12359713752419949)
5) (45, 0.12364446779177661)
6) (33, 0.12364478205191722)
7) (37, 0.12450720790253203)
8) (29, 0.1252767598156307)
9) (25, 0.12550659989993884)
10) (21, 0.1257746780890997)
11) (17, 0.12629090296800138)
12) (1, 0.12737778812355263)
13) (5, 0.12807910403116324)
