
----------------------------------------2023/06/05-04:26:35----------------------------------------

----------------------
\cut_off_freq, span: (21, 30)
  window_size step_width  Mean_EER median_n_neighbors median_contamination
0         125         62  0.165216                  9             0.051069
0         250        125  0.138221                 11             0.053108
0         500        250  0.114299                 11             0.051069
0         750        375    0.0911                 17             0.049031
0        1000        500  0.079429                 14             0.046992
0        1250        625  0.078495                 14             0.042914
0        1500        750  0.086501                 13             0.044953
0        1750        875  0.087185                 12             0.049031
0        2000       1000  0.088618                 11             0.040876
----------------------
\cut_off_freq, span: (23, 14)
  window_size step_width  Mean_EER median_n_neighbors median_contamination
0         125         62  0.170198                 11             0.046992
0         250        125  0.145997                 14             0.049031
0         500        250  0.116772                 12             0.046992
0         750        375   0.09323                 16             0.042914
0        1000        500  0.087003                 13             0.049031
0        1250        625  0.081168                 13             0.045972
0        1500        750  0.086988                 12             0.049031
0        1750        875  0.086556                 11             0.049031
0        2000       1000  0.100395                 12             0.049031
----------------------
\cut_off_freq, span: (44, 43)
  window_size step_width  Mean_EER median_n_neighbors median_contamination
0         125         62  0.155298                  8             0.044953
0         250        125  0.135251                 14             0.055147
0         500        250  0.117882                  9             0.055147
0         750        375  0.098852                 11             0.049031
0        1000        500  0.082189                 15             0.051069
0        1250        625  0.077097                 13             0.049031
0        1500        750  0.088548                 15             0.053108
0        1750        875  0.081922                 11             0.040876
0        2000       1000  0.093224                 11             0.040876
----------------------
\cut_off_freq, span: (37, 10)
  window_size step_width  Mean_EER median_n_neighbors median_contamination
0         125         62  0.170373                  9             0.051069
0         250        125  0.152379                 10             0.056166
0         500        250  0.123224                 11             0.051069
0         750        375  0.104211                 11             0.044953
0        1000        500  0.083761                 14             0.049031
0        1250        625  0.080181                 14             0.046992
0        1500        750  0.084211                 11             0.051069
0        1750        875  0.091648                 13             0.053108
0        2000       1000  0.106645                 12             0.049031
----------------------
\cut_off_freq, span: (16, 42)
  window_size step_width  Mean_EER median_n_neighbors median_contamination
0         125         62  0.159332                 11             0.053108
0         250        125  0.137157                 11             0.049031
0         500        250  0.115298                 10             0.055147
0         750        375  0.088014                 17             0.051069
0        1000        500  0.076187                 12             0.044953
0        1250        625  0.079112                 14             0.049031
0        1500        750  0.088012                 13             0.049031
0        1750        875  0.086957                 13             0.053108
0        2000       1000  0.090395                 11             0.044953
----------------------
\cut_off_freq, span: (39, 41)
  window_size step_width  Mean_EER median_n_neighbors median_contamination
0         125         62   0.15611                  7             0.051069
0         250        125  0.138788                  9             0.051069
0         500        250  0.106627                 13             0.053108
0         750        375  0.091914                 14             0.049031
0        1000        500  0.078659                 13             0.049031
0        1250        625   0.07537                 13             0.049031
0        1500        750  0.085575                 12             0.049031
0        1750        875  0.086899                 13             0.046992
0        2000       1000  0.089737                 11             0.040876
----------------------
\cut_off_freq, span: (2, 38)
  window_size step_width  Mean_EER median_n_neighbors median_contamination
0         125         62  0.164349                 11             0.040876
0         250        125  0.146612                 12             0.049031
0         500        250  0.121544                 11             0.049031
0         750        375   0.09689                 15             0.049031
0        1000        500  0.084884                 15             0.051069
0        1250        625  0.087706                 14             0.049031
0        1500        750  0.095273                 14             0.046992
0        1750        875  0.093593                 10             0.044953
0        2000       1000  0.106447                  9             0.046992
----------------------
\cut_off_freq, span: (16, 2)
  window_size step_width  Mean_EER median_n_neighbors median_contamination
0         125         62  0.171685                  9             0.042914
0         250        125   0.14584                 12             0.049031
0         500        250  0.117438                 12             0.049031
0         750        375  0.095096                 14             0.049031
0        1000        500  0.090469                 14             0.049031
0        1250        625  0.091118                 11             0.049031
0        1500        750  0.099903                 11             0.053108
0        1750        875   0.10143                  8             0.051069
0        2000       1000  0.114539                 10             0.042914
----------------------
\cut_off_freq, span: (2, 21)
  window_size step_width  Mean_EER median_n_neighbors median_contamination
0         125         62  0.182102                 11             0.042914
0         250        125  0.151584                  9             0.049031
0         500        250  0.119214                 16             0.049031
0         750        375  0.103971                 17             0.049031
0        1000        500  0.093614                 15             0.049031
0        1250        625  0.094202                 12             0.053108
0        1500        750  0.106043                 14             0.049031
0        1750        875  0.097368                 12             0.053108
0        2000       1000  0.108553                 10             0.059224
----------------------
\cut_off_freq, span: (20, 4)
  window_size step_width  Mean_EER median_n_neighbors median_contamination
0         125         62  0.171939                 11             0.049031
0         250        125   0.15145                 10             0.043934
0         500        250  0.116772                 13             0.046992
0         750        375  0.093254                 14             0.051069
0        1000        500  0.092073                 12             0.049031
0        1250        625  0.084416                 13             0.046992
0        1500        750  0.093177                 12             0.049031
0        1750        875  0.090503                 11             0.044953
0        2000       1000  0.107303                 11             0.040876
----------------------
\cut_off_freq, span: (22, 6)
  window_size step_width  Mean_EER median_n_neighbors median_contamination
0         125         62  0.170869                  7             0.046992
0         250        125  0.151615                 10             0.051069
0         500        250  0.128091                 11             0.046992
0         750        375  0.094163                 14             0.049031
0        1000        500  0.087099                 15             0.049031
0        1250        625  0.079852                 12             0.051069
0        1500        750  0.095858                 12             0.049031
0        1750        875  0.087872                 12             0.051069
0        2000       1000  0.104474                 12             0.046992
----------------------
\cut_off_freq, span: (6, 24)
  window_size step_width  Mean_EER median_n_neighbors median_contamination
0         125         62  0.173754                  7             0.055147
0         250        125  0.143744                 11             0.049031
0         500        250  0.112571                 14             0.049031
0         750        375    0.0989                 17             0.049031
0        1000        500  0.087516                 14             0.049031
0        1250        625  0.075699                 12             0.049031
0        1500        750  0.089376                 11             0.044953
0        1750        875  0.086156                 12             0.051069
0        2000       1000  0.095263                 12             0.051069
----------------------
\cut_off_freq, span: (34, 23)
  window_size step_width  Mean_EER median_n_neighbors median_contamination
0         125         62  0.167484                 12             0.049031
0         250        125  0.142483                  9             0.057186
0         500        250  0.113649                 12              0.05005
0         750        375  0.095885                 15             0.055147
0        1000        500  0.083087                 14             0.051069
0        1250        625  0.076809                 12             0.042914
0        1500        750  0.089084                 12             0.049031
0        1750        875  0.088043                 12             0.049031
0        2000       1000  0.096842                 11             0.046992
----------------------

Sorting based on Mean EER among windows
1) ((39, 41), 0.1010754242639996)
2) ((16, 42), 0.10227371471325604)
3) ((21, 30), 0.1032294224987687)
4) ((44, 43), 0.10336244006752142)
5) ((34, 23), 0.10592976153093621)
6) ((6, 24), 0.1069977202622065)
7) ((23, 14), 0.10758961061884736)
8) ((37, 10), 0.11073697012672563)
9) ((2, 38), 0.11081086829462267)
10) ((22, 6), 0.11109915138706576)
11) ((20, 4), 0.11120970546823616)
12) ((16, 2), 0.11416867760950672)
13) ((2, 21), 0.11740562784208682)
