
----------------------------------------2023/06/05-23:54:46----------------------------------------

----------------------
\cut_off_freq, winsize: (21, 30)
  window_size step_width  Mean_EER median_n_neighbors median_contamination
0         125         62  0.365286                 18             0.044953
0         250        125  0.344737                 13             0.042914
0         500        250  0.329629                 14             0.049031
0         750        375  0.339354                  8             0.049031
0        1000        500  0.325674                 12             0.049031
0        1250        625  0.335526                  8             0.040876
0        1500        750  0.336452                  5             0.049031
0        1750        875  0.355435                  4             0.046992
0        2000       1000  0.320263                  8             0.049031
----------------------
\cut_off_freq, winsize: (23, 14)
  window_size step_width  Mean_EER median_n_neighbors median_contamination
0         125         62  0.311377                 15             0.049031
0         250        125  0.273038                 17             0.042914
0         500        250  0.256278                 13             0.049031
0         750        375  0.239689                 11             0.042914
0        1000        500  0.272914                  8             0.043934
0        1250        625  0.263651                 10             0.044953
0        1500        750   0.26306                  6             0.045972
0        1750        875  0.265275                  7             0.040876
0        2000       1000  0.253421                  7             0.043934
----------------------
\cut_off_freq, winsize: (44, 43)
  window_size step_width  Mean_EER median_n_neighbors median_contamination
0         125         62  0.400875                 11             0.046992
0         250        125  0.362063                 14             0.044953
0         500        250  0.389949                  9             0.049031
0         750        375  0.362799                  9             0.040876
0        1000        500  0.340854                  8             0.042914
0        1250        625  0.362541                 11             0.049031
0        1500        750  0.312768                  5             0.040876
0        1750        875  0.347826                  6             0.051069
0        2000       1000  0.328289                  7             0.049031
----------------------
\cut_off_freq, winsize: (37, 10)
  window_size step_width  Mean_EER median_n_neighbors median_contamination
0         125         62  0.276882                 11             0.049031
0         250        125  0.245202                 12             0.051069
0         500        250  0.234734                 14             0.042914
0         750        375  0.228254                 10             0.041895
0        1000        500   0.22484                 17             0.049031
0        1250        625   0.23125                 12             0.051069
0        1500        750  0.239181                 11             0.040876
0        1750        875  0.233124                  8             0.053108
0        2000       1000  0.274145                 11             0.044953
----------------------
\cut_off_freq, winsize: (16, 42)
  window_size step_width  Mean_EER median_n_neighbors median_contamination
0         125         62  0.377468                 17             0.049031
0         250        125  0.351733                 16             0.049031
0         500        250  0.363459                 12             0.049031
0         750        375  0.363876                  8             0.049031
0        1000        500  0.336232                  9             0.049031
0        1250        625  0.347286                  9             0.051069
0        1500        750  0.301998                  4             0.040876
0        1750        875  0.348913                  6             0.044953
0        2000       1000  0.340395                  9             0.049031