
----------------------------------------2023/06/05-20:36:52----------------------------------------

----------------------
\cut_off_freq, winsize: (21, 30)
  window_size step_width  Mean_EER median_n_neighbors median_contamination
0         125         62  0.179283                 10             0.049031
0         250        125   0.15015                 10             0.049031
0         500        250  0.131008                 11             0.049031
0         750        375  0.107775                 14             0.051069
0        1000        500  0.092362                 12             0.049031
0        1250        625  0.087664                 12             0.049031
0        1500        750  0.098538                 15             0.042914
0        1750        875  0.090046                 11             0.048011
0        2000       1000  0.093684                 11             0.040876
----------------------
\cut_off_freq, winsize: (23, 14)
  window_size step_width  Mean_EER median_n_neighbors median_contamination
0         125         62  0.181649                  7             0.051069
0         250        125  0.156004                 11             0.049031
0         500        250  0.121576                 16             0.051069
0         750        375  0.107416                 14             0.049031
0        1000        500  0.094288                 12             0.049031
0        1250        625  0.083635                 12             0.051069
0        1500        750  0.096979                 11             0.049031
0        1750        875  0.094737                 12             0.049031
0        2000       1000  0.108158                 11             0.046992
----------------------
\cut_off_freq, winsize: (44, 43)
  window_size step_width  Mean_EER median_n_neighbors median_contamination
0         125         62  0.167086                  9             0.051069
0         250        125  0.140474                 10             0.053108
0         500        250  0.118104                 13             0.049031
0         750        375  0.110383                 10             0.051069
0        1000        500   0.08543                 15             0.051069
0        1250        625  0.093544                 16             0.049031
0        1500        750  0.095078                 14             0.046992
0        1750        875  0.091133                 11             0.049031
0        2000       1000  0.102632                 11             0.051069
----------------------
\cut_off_freq, winsize: (37, 10)
  window_size step_width  Mean_EER median_n_neighbors median_contamination
0         125         62  0.175254                  9             0.048011
0         250        125  0.150418                 14             0.055147
0         500        250  0.122432                 14             0.044953
0         750        375  0.104498                 14             0.049031
0        1000        500  0.088703                 14             0.051069
0        1250        625   0.08384                 12             0.049031
0        1500        750  0.095127                 11             0.042914
0        1750        875  0.087643                 11             0.040876
0        2000       1000  0.115526                 11             0.042914
----------------------
\cut_off_freq, winsize: (16, 42)
  window_size step_width  Mean_EER median_n_neighbors median_contamination
0         125         62  0.167863                  8             0.044953
0         250        125  0.140403                  6             0.055147
0         500        250  0.113396                 16             0.049031
0         750        375  0.104234                 12             0.053108
0        1000        500  0.086489                 13             0.043934
0        1250        625  0.090831                 14             0.049031
0        1500        750  0.091959                 12             0.053108
0        1750        875  0.089188                 11             0.046992
0        2000       1000  0.098618                  9             0.061263
----------------------
\cut_off_freq, winsize: (39, 41)
  window_size step_width  Mean_EER median_n_neighbors median_contamination
0         125         62  0.165926                  8             0.042914
0         250        125  0.138048                 11             0.049031
0         500        250  0.110019                 16             0.049031
0         750        375  0.108158                 11             0.049031
0        1000        500  0.086361                 14             0.049031
0        1250        625  0.092434                 13             0.042914
0        1500        750  0.095614                 12             0.049031
0        1750        875  0.091476                 11             0.051069
0        2000       1000  0.098553                  9             0.049031
----------------------
\cut_off_freq, winsize: (2, 38)
  window_size step_width  Mean_EER median_n_neighbors median_contamination
0         125         62  0.170135                 11             0.046992
0         250        125  0.144737                  9             0.045972
0         500        250   0.11793                 13             0.049031
0         750        375  0.097656                 17             0.049031
0        1000        500  0.092266                 14             0.046992
0        1250        625   0.09338                 16             0.040876
0        1500        750  0.104776                 14             0.049031
0        1750        875  0.095995                  9             0.053108
0        2000       1000  0.107895                 11             0.046992
----------------------
\cut_off_freq, winsize: (16, 2)
  window_size step_width  Mean_EER median_n_neighbors median_contamination
0         125         62  0.170811                  8             0.049031
0         250        125  0.144721                 11             0.049031
0         500        250  0.108846                 16             0.040876
0         750        375  0.095263                 14             0.049031
0        1000        500  0.091303                 13             0.049031
0        1250        625  0.089844                 12             0.051069
0        1500        750  0.097807                 11             0.044953
0        1750        875  0.100801                  9             0.044953
0        2000       1000  0.121645                  9             0.040876
----------------------
\cut_off_freq, winsize: (2, 21)
  window_size step_width  Mean_EER median_n_neighbors median_contamination
0         125         62  0.189247                  9             0.049031
0         250        125  0.155886                  8             0.051069
0         500        250  0.124144                 14             0.044953
0         750        375  0.109593                 18             0.049031
0        1000        500  0.099519                 14             0.049031
0        1250        625  0.107278                 12             0.051069
0        1500        750  0.110526                  9             0.040876
0        1750        875   0.10595                 11             0.044953
0        2000       1000  0.110789                  8             0.045972
----------------------
\cut_off_freq, winsize: (20, 4)
  window_size step_width  Mean_EER median_n_neighbors median_contamination
0         125         62    0.1675                 11             0.049031
0         250        125  0.143106                 13             0.052089
0         500        250  0.116376                 12             0.040876
0         750        375  0.096292                 13             0.049031
0        1000        500  0.092202                 13             0.051069
0        1250        625  0.085362                 14             0.046992
0        1500        750  0.091862                 11             0.043934
0        1750        875  0.096224                 11             0.053108
0        2000       1000  0.113882                 10             0.040876
----------------------
\cut_off_freq, winsize: (22, 6)
  window_size step_width  Mean_EER median_n_neighbors median_contamination
0         125         62  0.168507                  7             0.053108
0         250        125  0.149204                 11             0.046992
0         500        250  0.122036                 11             0.049031
0         750        375  0.097919                 13             0.042914
0        1000        500  0.092137                 14             0.049031
0        1250        625  0.083224                 14             0.049031
0        1500        750  0.092982                 12             0.051069
0        1750        875  0.089645                 11             0.049031
0        2000       1000  0.106513                 12             0.049031
----------------------
\cut_off_freq, winsize: (6, 24)
  window_size step_width  Mean_EER median_n_neighbors median_contamination
0         125         62  0.186803                  9             0.044953
0         250        125  0.153262                  8             0.051069
0         500        250  0.122654                 14             0.049031
0         750        375  0.105813                 14             0.049031
0        1000        500   0.09034                 13             0.044953
0        1250        625  0.079687                 11             0.042914
0        1500        750  0.094542                 11             0.049031
0        1750        875  0.090503                 11             0.049031
0        2000       1000  0.091974                 10             0.053108
----------------------
\cut_off_freq, winsize: (34, 23)
  window_size step_width  Mean_EER median_n_neighbors median_contamination
0         125         62  0.177077                  6             0.051069
0         250        125  0.150268                 12             0.054128
0         500        250  0.121956                 13             0.052089
0         750        375  0.104617                 17             0.049031
0        1000        500  0.092105                 12             0.051069
0        1250        625  0.082977                 12             0.044953
0        1500        750  0.096442                 12             0.049031
0        1750        875  0.089188                 11             0.049031
0        2000       1000  0.091118                 11             0.044953
----------------------

Sorting based on Mean EER among windows
1) ((16, 42), 0.10922011901951693)
2) ((39, 41), 0.10962091157914126)
3) ((22, 6), 0.11135192294489984)
4) ((20, 4), 0.11142269063589033)
5) ((44, 43), 0.11154039408990066)
6) ((34, 23), 0.11174992261961975)
7) ((6, 24), 0.11284209279920976)
8) ((16, 2), 0.1134488979744414)
9) ((37, 10), 0.11371564244032423)
10) ((2, 38), 0.1138631887505403)
11) ((21, 30), 0.11450118636718772)
12) ((23, 14), 0.11604897383059705)
13) ((2, 21), 0.12365912123106115)
