
----------------------------------------2023/06/22-20:49:29----------------------------------------

----------------------------------------final_experiments_results/WACA-LOF/Manhattan-dist_None_Mean_EER_None_df_train_dict.txt----------------------------------------

----------------------

test_dict_key: -99999
  window_size step_width  Mean_EER median_n_neighbors median_contamination
0         125         62  0.193292                  8             0.049031
0         250        125  0.154192                 14             0.049031
0         500        250  0.126617                 13             0.049031
0         750        375  0.102201                 15             0.055147
0        1000        500  0.100257                 14             0.053108
0        1250        625  0.093997                 13             0.055147
0        1500        750  0.103947                 10             0.051069
0        1750        875  0.094565                 11             0.049031
0        2000       1000  0.114803                 10             0.051069
----------------------

Sorting based on Mean EER among windows
1) (-99999, 0.12043004912249106)
