
----------------------------------------2023/06/05-17:50:16----------------------------------------

----------------------
\SMA winsize: 1
  window_size step_width  Mean_EER median_n_neighbors median_contamination
0         125         62  0.177963                 11             0.042914
0         250        125  0.143579                  8             0.055147
0         500        250  0.116027                 12             0.049031
0         750        375  0.100933                 13             0.049031
0        1000        500  0.093453                 12             0.045972
0        1250        625  0.088939                 14             0.052089
0        1500        750  0.101852                 12             0.051069
0        1750        875   0.09262                 11             0.046992
0        2000       1000  0.117961                 10             0.044953
----------------------
\SMA winsize: 5
  window_size step_width  Mean_EER median_n_neighbors median_contamination
0         125         62  0.186592                 11             0.049031
0         250        125  0.161172                  9             0.049031
0         500        250   0.12305                 13             0.049031
0         750        375  0.103469                 15             0.049031
0        1000        500  0.100225                 14             0.044953
0        1250        625  0.089433                 13             0.046992
0        1500        750  0.099903                 14             0.049031
0        1750        875  0.096339                 12             0.049031
0        2000       1000  0.114276                 11             0.044953
----------------------
\SMA winsize: 9
  window_size step_width  Mean_EER median_n_neighbors median_contamination
0         125         62  0.194831                  7             0.051069
0         250        125   0.16508                 14             0.049031
0         500        250  0.123573                 16             0.049031
0         750        375  0.103373                 16             0.053108
0        1000        500  0.094929                 15             0.049031
0        1250        625  0.082566                 13             0.049031
0        1500        750  0.097807                 12             0.049031
0        1750        875  0.094851                 12             0.048011
0        2000       1000   0.11125                 11             0.044953
----------------------
\SMA winsize: 13
  window_size step_width  Mean_EER median_n_neighbors median_contamination
0         125         62  0.218491                  8             0.049031
0         250        125  0.173921                 15             0.049031
0         500        250  0.135764                 15             0.049031
0         750        375  0.122656                 12             0.049031
0        1000        500  0.103915                 15             0.049031
0        1250        625    0.0919                 13             0.049031
0        1500        750  0.102973                 12             0.049031
0        1750        875  0.102975                 13             0.046992
0        2000       1000  0.109276                 11             0.049031
----------------------
\SMA winsize: 17
  window_size step_width  Mean_EER median_n_neighbors median_contamination
0         125         62  0.239727                  6              0.05005
0         250        125   0.19209                 11             0.036798
0         500        250  0.146164                 15             0.055147
0         750        375  0.122608                 17             0.049031
0        1000        500  0.105905                 14             0.043934
0        1250        625  0.093791                 12             0.049031
0        1500        750  0.103655                 12             0.046992
0        1750        875  0.102174                 13             0.049031
0        2000       1000   0.11125                 11             0.042914
----------------------
\SMA winsize: 21
  window_size step_width  Mean_EER median_n_neighbors median_contamination
0         125         62   0.25868                  4             0.040876
0         250        125  0.209242                 11             0.042914
0         500        250   0.16923                 12             0.049031
0         750        375  0.137751                 14             0.049031
0        1000        500  0.118004                 12             0.049031
0        1250        625  0.105674                 13             0.049031
0        1500        750  0.111355                 14             0.049031
0        1750        875  0.104977                 13             0.046992
0        2000       1000  0.114539                 12             0.041895
----------------------
\SMA winsize: 25
  window_size step_width  Mean_EER median_n_neighbors median_contamination
0         125         62  0.275141                  6             0.053108
0         250        125  0.233943                  7             0.051069
0         500        250  0.180929                 15             0.055147
0         750        375  0.157775                 12             0.051069
0        1000        500   0.12654                 16             0.049031
0        1250        625  0.110937                 14             0.044953
0        1500        750  0.123782                 13             0.049031
0        1750        875  0.110126                 13             0.040876
0        2000       1000  0.118816                 12             0.049031
----------------------
\SMA winsize: 29
  window_size step_width  Mean_EER median_n_neighbors median_contamination
0         125         62  0.292652                  5             0.049031
0         250        125  0.248078                  8             0.044953
0         500        250  0.209147                 11             0.049031
0         750        375   0.17201                 14             0.052089
0        1000        500  0.136938                 18             0.042914
0        1250        625  0.116488                 15             0.041895
0        1500        750  0.126511                 16             0.040876
0        1750        875  0.116934                 13             0.040876
0        2000       1000  0.122895                 12             0.049031
----------------------
\SMA winsize: 33
  window_size step_width  Mean_EER median_n_neighbors median_contamination
0         125         62  0.309093                  8             0.042914
0         250        125  0.270084                  7             0.051069
0         500        250   0.21961                 14             0.049031
0         750        375  0.179545                 17             0.049031
0        1000        500  0.149294                 18             0.051069
0        1250        625  0.125863                 16             0.049031
0        1500        750  0.137622                 17             0.049031
0        1750        875  0.127632                 14             0.040876
0        2000       1000   0.13125                 12             0.049031
----------------------
\SMA winsize: 37
  window_size step_width  Mean_EER median_n_neighbors median_contamination
0         125         62  0.325359                  6             0.042914
0         250        125  0.281083                  6             0.049031
0         500        250  0.238396                 14             0.053108
0         750        375  0.199474                 16             0.049031
0        1000        500  0.173331                 13             0.049031
0        1250        625  0.150247                 12             0.049031
0        1500        750  0.152144                 14             0.040876
0        1750        875  0.136041                 14             0.049031
0        2000       1000  0.141447                 11             0.049031
----------------------
\SMA winsize: 41
  window_size step_width  Mean_EER median_n_neighbors median_contamination
0         125         62  0.333949                  9              0.05005
0         250        125  0.297636                  5             0.043934
0         500        250  0.247257                 16             0.042914
0         750        375  0.225957                 12             0.042914
0        1000        500  0.195668                 16             0.051069
0        1250        625  0.169613                 15             0.049031
0        1500        750   0.17232                 12             0.040876
0        1750        875    0.1504                 13             0.042914
0        2000       1000  0.161579                 11             0.049031
----------------------
\SMA winsize: 45
  window_size step_width  Mean_EER median_n_neighbors median_contamination
0         125         62  0.342531                 15             0.042914
0         250        125  0.312126                  6             0.051069
0         500        250  0.263966                 15             0.051069
0         750        375  0.253732                  6             0.040876
0        1000        500    0.2112                 15             0.042914
0        1250        625  0.197204                 11             0.046992
0        1500        750  0.186209                 17             0.049031
0        1750        875  0.152918                 17             0.049031
0        2000       1000  0.178487                 11             0.054128
----------------------
\SMA winsize: 49
  window_size step_width  Mean_EER median_n_neighbors median_contamination
0         125         62  0.352257                 14             0.051069
0         250        125  0.325882                 12             0.049031
0         500        250  0.274857                 16             0.049031
0         750        375  0.253708                 12             0.042914
0        1000        500  0.230424                 14             0.042914
0        1250        625  0.209046                 15             0.049031
0        1500        750  0.208138                 12             0.051069
0        1750        875  0.173284                 15             0.051069
0        2000       1000  0.179934                 16             0.049031
----------------------

Sorting based on Mean EER among windows
1) (1, 0.1148141303798425)
2) (9, 0.1186956468997438)
3) (5, 0.11938426050408688)
4) (13, 0.12909670270055454)
5) (17, 0.1352625825132252)
6) (21, 0.14771687475756315)
7) (25, 0.15977650658950662)
8) (29, 0.17129467346143076)
9) (33, 0.1833325832487565)
10) (37, 0.1997246514195547)
11) (41, 0.2171533030698958)
12) (45, 0.23315247622971935)
13) (49, 0.24528118843211175)
