
----------------------------------------2023/06/22-19:12:20----------------------------------------

----------------------
\cut_off_freq, span: (24, 30, 'OCSVM')
  window_size step_width  Mean_EER median_n_estimators median_max_samples median_contamination median_max_features
0         125         62  0.199689                 100                0.9             0.061263                 0.4
0         250        125  0.179061                  50                0.8             0.055147                0.55
0         500        250  0.136436                 100                0.8             0.052089                 0.4
0         750        375  0.116938                 100                0.8             0.059224                 0.5
0        1000        500  0.118504                 100                0.7             0.046992                 0.4
0        1250        625  0.114984                 100                0.7             0.046992                 0.4
0        1500        750  0.112398                 100                0.8             0.057186                 0.6
0        1750        875  0.121304                 100                0.8             0.046992                 0.4
0        2000       1000  0.116105                 100                0.8             0.044953                 0.4
----------------------
\cut_off_freq, span: (47, 41, 'kNN')
  window_size step_width  Mean_EER median_n_estimators median_max_samples median_contamination median_max_features
0         125         62  0.192966                 100                0.9             0.061263                 0.4
0         250        125  0.165005                  75                0.9             0.063302                 0.4
0         500        250  0.130964                 100                0.9             0.060244                 0.4
0         750        375  0.124574                 100               0.85             0.058205                 0.4
0        1000        500  0.111816                 100                0.8             0.058205                0.55
0        1250        625   0.10509                 100                0.8             0.046992                 0.5
0        1500        750  0.122115                 100                0.7             0.055147                 0.4
0        1750        875  0.117265                 100                0.8             0.058205                0.55
0        2000       1000  0.114987                 100                0.8             0.056166                 0.4
----------------------
\cut_off_freq, span: (41, 48, 'LOF')
  window_size step_width  Mean_EER median_n_estimators median_max_samples median_contamination median_max_features
0         125         62  0.188683                 100                0.9             0.062283                 0.4
0         250        125   0.16408                 100                0.9             0.044953                 0.5
0         500        250  0.133218                 100               0.85             0.052089                 0.5
0         750        375  0.122225                 100                0.8             0.053108                 0.4
0        1000        500  0.115469                 100                0.8             0.063302                 0.4
0        1250        625  0.114655                 100                0.7             0.059224                 0.5
0        1500        750   0.11576                 100                0.8             0.063302                 0.4
0        1750        875    0.1104                 100                0.9             0.046992                 0.5
0        2000       1000  0.116961                 100                0.8             0.051069                 0.4
----------------------

Sorting based on Mean EER among windows
1) ((41, 48, 'LOF'), 0.13127228373082814)
2) ((47, 41, 'kNN'), 0.13164252585506647)
3) ((24, 30, 'OCSVM'), 0.13504660241322763)
