
----------------------------------------2023/06/23-12:41:21----------------------------------------

----------------------
\cut_off_freq, winsize: (34, 46, 'OCSVM')
  window_size step_width  Mean_EER median_n_estimators median_max_samples median_contamination median_max_features
0         125         62  0.207253                  50                0.9             0.059224                 0.5
0         250        125  0.170383                 100                0.8             0.064321                 0.6
0         500        250  0.145526                 100                0.8             0.052089                 0.5
0         750        375  0.131249                 100               0.75             0.046992                 0.4
0        1000        500  0.128999                 100                0.8             0.061263                 0.4
0        1250        625  0.122944                 100                0.8             0.053108                 0.4
0        1500        750  0.130019                 100                0.8             0.057186                 0.4
0        1750        875  0.116842                 100                0.8             0.056166                0.45
0        2000       1000  0.117592                 100                0.9             0.063302                 0.5
----------------------
\cut_off_freq, winsize: (43, 34, 'kNN')
  window_size step_width  Mean_EER median_n_estimators median_max_samples median_contamination median_max_features
0         125         62  0.213298                  50                0.9             0.063302                 0.3
0         250        125  0.176343                  50                0.9             0.051069                 0.4
0         500        250  0.143633                 100                0.9             0.063302                 0.4
0         750        375  0.128488                 100                0.8             0.049031                 0.5
0        1000        500    0.1238                 100                0.8             0.061263                 0.4
0        1250        625  0.117434                 100                0.8             0.040876                 0.4
0        1500        750  0.119756                 100                0.8             0.055147                 0.5
0        1750        875  0.119211                 100                0.9             0.030682                0.55
0        2000       1000  0.128184                 100                0.8             0.049031                 0.4
----------------------
\cut_off_freq, winsize: (43, 34, 'LOF')
  window_size step_width  Mean_EER median_n_estimators median_max_samples median_contamination median_max_features
0         125         62  0.213298                  50                0.9             0.063302                 0.3
0         250        125  0.176343                  50                0.9             0.051069                 0.4
0         500        250  0.143633                 100                0.9             0.063302                 0.4
0         750        375  0.128488                 100                0.8             0.049031                 0.5
0        1000        500    0.1238                 100                0.8             0.061263                 0.4
0        1250        625  0.117434                 100                0.8             0.040876                 0.4
0        1500        750  0.119756                 100                0.8             0.055147                 0.5
0        1750        875  0.119211                 100                0.9             0.030682                0.55
0        2000       1000  0.128184                 100                0.8             0.049031                 0.4
----------------------

Sorting based on Mean EER among windows
1) ((43, 34, 'kNN'), 0.1411274218278287)
2) ((43, 34, 'LOF'), 0.1411274218278287)
3) ((34, 46, 'OCSVM'), 0.14120082079683158)
