
----------------------Training results for cv_fold_idx: 0----------------------
cut_off_freq, SMA_winsize: (43, 34)
  window_size step_width  Mean_EER median_n_estimators median_max_samples median_contamination median_max_features
0         125         62  0.237351                  50                0.8             0.049031                 0.4
0         250        125  0.201005                 100                0.9             0.055147                 0.5
0         500        250  0.163868                 100               0.75             0.045972                 0.4
0         750        375  0.152842                 100                0.8              0.05005                 0.4
0        1000        500  0.134089                 150                0.8             0.053108                 0.5
0        1250        625  0.127064                 150                0.8             0.055147                 0.5
0        1500        750  0.136287                 125               0.75             0.051069                 0.5
0        1750        875  0.132059                 150                0.8             0.049031                 0.5
0        2000       1000  0.131908                 150                0.9             0.051069                 0.5
----------------------Training results for cv_fold_idx: 1----------------------
cut_off_freq, SMA_winsize: (43, 34)
  window_size step_width  Mean_EER median_n_estimators median_max_samples median_contamination median_max_features
0         125         62  0.214465                 100                0.8             0.055147                 0.4
0         250        125  0.187712                 150                0.8             0.055147                 0.5
0         500        250  0.167242                 100                0.8             0.046992                 0.3
0         750        375  0.164459                 100                0.7             0.061263                 0.4
0        1000        500  0.152747                 150                0.8             0.051069                 0.4
0        1250        625  0.156768                 150                0.6             0.053108                 0.5
0        1500        750  0.155039                 150                0.7             0.055147                 0.5
0        1750        875  0.155034                 150                0.7             0.049031                 0.5
0        2000       1000  0.156118                 150                0.7             0.061263                 0.4
----------------------Training results for cv_fold_idx: 2----------------------
cut_off_freq, SMA_winsize: (43, 34)
  window_size step_width  Mean_EER median_n_estimators median_max_samples median_contamination median_max_features
0         125         62  0.206834                 100                0.8             0.055147                 0.4
0         250        125  0.179024                 100                0.8             0.072477                 0.5
0         500        250  0.141933                 100                0.9             0.046992                 0.4
0         750        375  0.129117                 150                0.7             0.053108                 0.4
0        1000        500  0.114192                 150                0.7             0.051069                 0.5
0        1250        625  0.099918                 150                0.8             0.055147                 0.5
0        1500        750  0.112205                 150                0.7             0.055147                 0.4
0        1750        875  0.107539                 150                0.8             0.049031                 0.6
0        2000       1000  0.107178                 150                0.8             0.055147                 0.5