
----------------------Training results for cv_fold_idx: 0----------------------
cut_off_freq, SMA_winsize: (26, 2)
  window_size step_width  Mean_EER median_n_estimators median_max_samples median_contamination median_max_features
0         125         62  0.257118                  50                0.7             0.063302                 0.4
0         250        125    0.2106                  50                0.8             0.046992                 0.4
0         500        250  0.167032                 100                0.7              0.05005                 0.4
0         750        375  0.154081                 150                0.7             0.053108                 0.5
0        1000        500  0.149917                 100                0.8             0.049031                 0.5
0        1250        625  0.148462                 100                0.7             0.055147                 0.5
0        1500        750  0.139756                 150                0.7             0.059224                 0.5
0        1750        875  0.144336                 150                0.7             0.055147                0.45
0        2000       1000  0.140224                 150                0.7             0.053108                 0.5
----------------------Training results for cv_fold_idx: 1----------------------
cut_off_freq, SMA_winsize: (26, 2)
  window_size step_width  Mean_EER median_n_estimators median_max_samples median_contamination median_max_features
0         125         62  0.240483                 100                0.7             0.055147                 0.4
0         250        125  0.189319                 100               0.85             0.046992                0.45
0         500        250  0.163269                 100                0.7             0.056166                 0.4
0         750        375  0.158541                 100                0.7             0.049031                 0.5
0        1000        500  0.148896                 100                0.7             0.051069                0.45
0        1250        625  0.166258                 100                0.6             0.046992                 0.6
0        1500        750  0.145409                 150                0.7             0.054128                0.45
0        1750        875  0.140389                 150                0.8             0.049031                 0.5
0        2000       1000  0.132605                 150                0.8             0.055147                 0.5
----------------------Training results for cv_fold_idx: 2----------------------
cut_off_freq, SMA_winsize: (26, 2)
  window_size step_width  Mean_EER median_n_estimators median_max_samples median_contamination median_max_features
0         125         62  0.220207                  50                0.8             0.055147                 0.4
0         250        125  0.175165                 100                0.8             0.049031                 0.4
0         500        250  0.140763                 100                0.8             0.055147                 0.5
0         750        375   0.13117                 100                0.8             0.051069                 0.4
0        1000        500  0.123342                 100                0.7             0.053108                0.45
0        1250        625  0.109722                 150                0.7             0.055147                 0.5
0        1500        750  0.116558                 150                0.7             0.053108                 0.5
0        1750        875  0.109484                 150                0.8             0.055147                 0.5
0        2000       1000  0.117982                 150                0.8             0.055147                 0.5