
----------------------------------------2023/06/29-19:07:38----------------------------------------

----------------------------------------clip=False_experiments_results/WACA-IF/clip=False-Smoothing=None-Prep=None-EER_df_train_dict.txt----------------------------------------

----------------------

test_dict_key: -99999
  window_size step_width  Mean_EER median_n_estimators median_max_samples median_contamination median_max_features
0         125         62  0.224178                  50                0.9             0.054128                 0.4
0         250        125    0.1804                 100                0.9             0.046992                 0.4
0         500        250   0.15149                  50                0.9             0.061263                 0.4
0         750        375  0.128177                 100                0.8             0.042914                0.45
0        1000        500  0.131098                 100                0.7             0.057186                 0.5
0        1250        625  0.127007                 100                0.7             0.044953                 0.4
0        1500        750  0.125731                 100                0.8             0.051069                 0.4
0        1750        875  0.122346                 100                0.8             0.035779                 0.5
0        2000       1000  0.130934                 100                0.8             0.046992                 0.5
----------------------

Sorting based on Mean EER among windows
1) (-99999, 0.14681778537550308)
