
----------------------------------------2023/05/30-02:22:46----------------------------------------

----------------------------------------final_experiments_results/WACA-OCSVM/Butter+EMA_Mean_EER_Realworld-per_unknown_window_df_train_dict.txt----------------------------------------

----------------------
\cut_off_freq, span: (21, 30)
  window_size step_width  Mean_EER median_nu median_gamma
0         125         62  0.258434  0.019468     0.120679
0         250        125  0.203828  0.043934     0.068665
0         500        250  0.144978  0.040876      0.03065
0         750        375  0.157488  0.037817     0.000337
0        1000        500  0.114544  0.043934      0.00233
0        1250        625  0.086546  0.037817     0.053867
0        1500        750  0.100409  0.042914     0.007197
0        1750        875  0.090355  0.046992     0.008372
0        2000       1000  0.101566  0.037817     0.005646
----------------------
\cut_off_freq, span: (23, 14)
  window_size step_width  Mean_EER median_nu median_gamma
0         125         62  0.204116  0.025585     0.372759
0         250        125  0.155251  0.045972     0.372759
0         500        250  0.106081   0.03272     0.094672
0         750        375  0.088531  0.036798     0.120679
0        1000        500  0.076232  0.035779     0.053867
0        1250        625  0.067681  0.034759     0.120679
0        1500        750  0.072057  0.036798      0.02223
0        1750        875   0.06373  0.044953     0.039069
0        2000       1000  0.075342   0.05005     0.017439
----------------------
\cut_off_freq, span: (44, 43)
  window_size step_width  Mean_EER median_nu median_gamma
0         125         62  0.299413  0.022527     0.002262
0         250        125  0.248544  0.025585     0.000429
0         500        250  0.188627  0.036798      0.00104
0         750        375  0.182522  0.041895     0.000429
0        1000        500  0.147805  0.042914     0.001828
0        1250        625  0.158396  0.045972     0.000192
0        1500        750  0.126452  0.059224     0.001326
0        1750        875  0.110103  0.041895     0.012649
0        2000       1000  0.128329  0.044953      0.00104
----------------------

Sorting based on Mean EER among windows
1) ((23, 14), 0.10100230454982344)
2) ((21, 30), 0.13979413071213553)
3) ((44, 43), 0.17668787052707538)
