
----------------------------------------2023/05/30-01:50:06----------------------------------------

----------------------------------------final_experiments_results/WACA-OCSVM/Butter+EMA_Mean_EER_Naive_df_train_dict.txt----------------------------------------

----------------------
\cut_off_freq, span: (21, 30)
  window_size step_width  Mean_EER median_nu median_gamma
0         125         62  0.165137  0.042914     0.655129
0         250        125  0.129319  0.036798     0.655129
0         500        250  0.093256  0.042914     0.120679
0         750        375    0.0839  0.036798     0.094672
0        1000        500  0.072163  0.040876     0.068665
0        1250        625  0.070954  0.036798     0.053867
0        1500        750  0.062212  0.040876     0.039069
0        1750        875  0.073124  0.040876     0.012649
0        2000       1000  0.060961  0.034759      0.02223