
----------------------------------------2023/05/30-06:10:57----------------------------------------

----------------------------------------final_experiments_results/WACA-OCSVM/Butter+SMA_Mean_EER_Realworld-per_unknown_window_df_train_dict.txt----------------------------------------

----------------------
\cut_off_freq, winsize: (21, 30)
  window_size step_width  Mean_EER median_nu median_gamma
0         125         62  0.405832  0.022527     0.681745
0         250        125  0.375123  0.020488     0.120679
0         500        250  0.383887   0.03272     0.068665
0         750        375  0.391569  0.036798      0.03065
0        1000        500  0.398023  0.035779     0.007489
0        1250        625  0.424844  0.058205     0.012649
0        1500        750  0.410195  0.039856     0.000429
0        1750        875  0.427609  0.039856     0.000429
0        2000       1000  0.440382  0.042914     0.000244