
----------------------------------------2023/06/05-00:59:53----------------------------------------

----------------------
\cut_off_freq: 1
  window_size step_width  Mean_EER median_n_neighbors median_contamination
0         125         62  0.411823                 13             0.049031
0         250        125  0.360258                 15             0.053108
0         500        250  0.319277                 13             0.049031
0         750        375  0.269593                 16             0.042914
0        1000        500  0.277054                 10             0.043934
0        1250        625  0.230798                 17             0.049031
0        1500        750  0.228509                 15             0.049031
0        1750        875  0.194222                 18             0.049031
0        2000       1000  0.219737                 15             0.049031
----------------------
\cut_off_freq: 5
  window_size step_width  Mean_EER median_n_neighbors median_contamination
0         125         62  0.211311                  7             0.043934
0         250        125  0.165916                  9             0.049031
0         500        250  0.135495                 12             0.049031
0         750        375  0.116244                 14             0.049031
0        1000        500  0.098331                 13             0.049031
0        1250        625  0.087664                 12             0.051069
0        1500        750  0.099805                 12             0.055147
0        1750        875  0.097712                 11             0.049031
0        2000       1000  0.105526                 12             0.049031
----------------------
\cut_off_freq: 9
  window_size step_width  Mean_EER median_n_neighbors median_contamination
0         125         62  0.177514                  8             0.049031
0         250        125   0.15145                 12             0.046992
0         500        250    0.1237                 12             0.051069
0         750        375  0.094498                 15             0.049031
0        1000        500  0.093806                 15             0.055147
0        1250        625  0.083512                 15             0.049031
0        1500        750  0.095809                 14             0.049031
0        1750        875  0.095366                 12             0.042914
0        2000       1000  0.114539                 11             0.046992
----------------------
\cut_off_freq: 13
  window_size step_width  Mean_EER median_n_neighbors median_contamination
0         125         62  0.174055                  9             0.044953
0         250        125  0.145777                 13             0.049031
0         500        250  0.112857                 14             0.049031
0         750        375  0.096603                 14             0.044953
0        1000        500  0.096438                 14             0.049031
0        1250        625  0.086965                 14             0.057186
0        1500        750  0.096053                 11             0.048011
0        1750        875   0.09754                  8             0.044953
0        2000       1000  0.119934                 10             0.044953
----------------------
\cut_off_freq: 17
  window_size step_width  Mean_EER median_n_neighbors median_contamination
0         125         62  0.171826                  8             0.044953
0         250        125  0.140096                 11             0.040876
0         500        250  0.108687                 16             0.049031
0         750        375  0.093469                 14             0.051069
0        1000        500  0.089602                 12             0.051069
0        1250        625  0.091612                 12             0.049031
0        1500        750  0.097076                 11             0.049031
0        1750        875  0.101316                  9             0.051069
0        2000       1000  0.122763                  9             0.045972
----------------------
\cut_off_freq: 21
  window_size step_width  Mean_EER median_n_neighbors median_contamination
0         125         62  0.174371                  9             0.040876
0         250        125  0.140183                 11             0.045972
0         500        250  0.111065                 15             0.044953
0         750        375  0.096722                 12              0.05005
0        1000        500  0.092908                 14             0.049031
0        1250        625  0.086595                 11             0.049031
0        1500        750  0.097417                 11             0.049031
0        1750        875  0.094908                  9             0.046992
0        2000       1000  0.122105                 10             0.049031
----------------------
\cut_off_freq: 25
  window_size step_width  Mean_EER median_n_neighbors median_contamination
0         125         62  0.174586                  9             0.049031
0         250        125  0.137362                 14             0.049031
0         500        250  0.109052                 15             0.049031
0         750        375  0.094545                 14             0.051069
0        1000        500  0.093357                 13             0.049031
0        1250        625  0.083059                 12             0.049031
0        1500        750  0.102778                 11             0.049031
0        1750        875  0.093936                  9             0.049031
0        2000       1000  0.112303                 11             0.049031
----------------------
\cut_off_freq: 29
  window_size step_width  Mean_EER median_n_neighbors median_contamination
0         125         62  0.173411                  9             0.051069
0         250        125  0.135905                 14             0.042914
0         500        250  0.103836                 17             0.042914
0         750        375  0.094067                 14             0.049031
0        1000        500  0.089698                 14             0.049031
0        1250        625   0.08787                 12             0.049031
0        1500        750  0.101121                 11             0.046992
0        1750        875  0.092792                 11             0.046992
0        2000       1000  0.111579                 11             0.045972
----------------------
\cut_off_freq: 33
  window_size step_width  Mean_EER median_n_neighbors median_contamination
0         125         62  0.172802                 10              0.05005
0         250        125   0.13462                 14             0.043934
0         500        250   0.10306                 17             0.049031
0         750        375  0.096507                 12             0.049031
0        1000        500  0.089763                 12             0.055147
0        1250        625  0.089063                 13             0.051069
0        1500        750  0.098343                 11             0.044953
0        1750        875  0.092162                 10             0.049031
0        2000       1000  0.111184                 11             0.046992
----------------------
\cut_off_freq: 37
  window_size step_width  Mean_EER median_n_neighbors median_contamination
0         125         62  0.172103                  9             0.051069
0         250        125  0.137591                 11             0.049031
0         500        250  0.111446                 13             0.051069
0         750        375  0.090766                 14             0.049031
0        1000        500  0.088575                 14             0.049031
0        1250        625  0.087089                 14             0.051069
0        1500        750  0.094396                 12             0.049031
0        1750        875  0.093993                  9             0.051069
0        2000       1000  0.115066                  9             0.049031
----------------------
\cut_off_freq: 41
  window_size step_width  Mean_EER median_n_neighbors median_contamination
0         125         62  0.173423                  9             0.049031
0         250        125  0.138087                 13             0.049031
0         500        250  0.111541                 12             0.049031
0         750        375  0.093301                 14             0.055147
0        1000        500  0.091913                 12             0.049031
0        1250        625  0.085896                 14              0.05005
0        1500        750  0.095175                 11             0.042914
0        1750        875   0.09016                 10             0.040876
0        2000       1000  0.111645                 11             0.049031
----------------------
\cut_off_freq: 45
  window_size step_width  Mean_EER median_n_neighbors median_contamination
0         125         62  0.171267                  9             0.051069
0         250        125  0.133895                 16             0.049031
0         500        250  0.104772                 17             0.051069
0         750        375  0.094569                 14             0.051069
0        1000        500  0.093228                 13             0.046992
0        1250        625  0.086102                 13             0.051069
0        1500        750  0.101706                 11             0.049031
0        1750        875    0.0996                  9              0.05005
0        2000       1000  0.122895                 10             0.046992
----------------------
\cut_off_freq: 49
  window_size step_width  Mean_EER median_n_neighbors median_contamination
0         125         62  0.172388                 11             0.048011
0         250        125    0.1383                 11             0.042914
0         500        250  0.114933                 12             0.049031
0         750        375  0.093373                 13             0.049031
0        1000        500  0.092587                 11             0.046992
0        1250        625  0.086472                 14             0.051069
0        1500        750   0.09693                 12             0.049031
0        1750        875  0.089416                  9             0.051069
0        2000       1000  0.115855                 11             0.049031
----------------------

Sorting based on Mean EER among windows
1) (33, 0.10972262296010442)
2) (29, 0.11003097287240998)
3) (37, 0.11011371224308887)
4) (41, 0.1101268203179598)
5) (49, 0.11113939287203525)
6) (25, 0.11121979064611957)
7) (45, 0.11200380469200416)
8) (21, 0.11291953724109376)
9) (17, 0.1129385530720042)
10) (13, 0.11402462750532719)
11) (9, 0.11446601085640852)
12) (5, 0.12422266585474089)
13) (1, 0.2790300686870646)
