
----------------------------------------2023/06/15-20:10:18----------------------------------------

----------------------
\cut_off_freq, winsize: (38, 45)
  window_size step_width  Mean_EER median_n_neighbors median_contamination
0         125         62  0.346014                  8             0.051069
0         250        125  0.306248                 10             0.040876
0         500        250   0.26663                 12             0.042914
0         750        375  0.232177                 14             0.046992
0        1000        500  0.207959                 14             0.049031
0        1250        625  0.197615                 10             0.048011
0        1500        750  0.180604                 18             0.049031
0        1750        875   0.15246                 17             0.049031
0        2000       1000  0.175526                 13             0.046992
----------------------
\cut_off_freq, winsize: (7, 35)
  window_size step_width  Mean_EER median_n_neighbors median_contamination
0         125         62  0.306146                  9             0.042914
0         250        125  0.264348                  8             0.055147
0         500        250  0.210986                 15             0.055147
0         750        375  0.182584                 13             0.051069
0        1000        500  0.149679                 18             0.049031
0        1250        625  0.126234                 15             0.049031
0        1500        750  0.136501                 16             0.043934
0        1750        875  0.122998                 14             0.051069
0        2000       1000  0.124737                 13             0.053108
----------------------
\cut_off_freq, winsize: (43, 34)
  window_size step_width  Mean_EER median_n_neighbors median_contamination
0         125         62  0.311721                  9             0.049031
0         250        125  0.274204                  5             0.049031
0         500        250  0.222812                 12             0.049031
0         750        375  0.185431                 16             0.049031
0        1000        500  0.152343                 17             0.049031
0        1250        625  0.131209                 14             0.044953
0        1500        750  0.135088                 16             0.049031
0        1750        875  0.118364                 13             0.049031
0        2000       1000  0.127368                 12             0.051069
----------------------
\cut_off_freq, winsize: (17, 25)
  window_size step_width  Mean_EER median_n_neighbors median_contamination
0         125         62  0.274637                  4             0.042914
0         250        125  0.224653                  9             0.042914
0         500        250  0.187001                  9             0.049031
0         750        375  0.147536                 15             0.049031
0        1000        500  0.123716                 15             0.043934
0        1250        625  0.108265                 13             0.049031
0        1500        750  0.119006                 14             0.049031
0        1750        875  0.103776                 11             0.043934
0        2000       1000  0.113158                 12             0.040876
----------------------
\cut_off_freq, winsize: (26, 2)
  window_size step_width  Mean_EER median_n_neighbors median_contamination
0         125         62  0.172486                 10             0.055147
0         250        125  0.140774                 12             0.051069
0         500        250  0.112809                 13             0.042914
0         750        375  0.093517                 13             0.051069
0        1000        500  0.089763                 14             0.051069
0        1250        625  0.086308                 12             0.046992
0        1500        750  0.100585                 11             0.051069
0        1750        875  0.094394                  9             0.049031
0        2000       1000  0.117632                 10             0.046992
----------------------
\cut_off_freq, winsize: (9, 9)
  window_size step_width  Mean_EER median_n_neighbors median_contamination
0         125         62  0.187838                  6             0.051069
0         250        125  0.159014                 12             0.049031
0         500        250  0.121084                 15             0.055147
0         750        375  0.100598                 14             0.049031
0        1000        500  0.092266                 14             0.049031
0        1250        625  0.082319                 12             0.049031
0        1500        750  0.097271                 12             0.051069
0        1750        875  0.089188                 11             0.049031
0        2000       1000    0.1125                 11             0.049031
----------------------
\cut_off_freq, winsize: (5, 15)
  window_size step_width  Mean_EER median_n_neighbors median_contamination
0         125         62  0.230017                  8             0.053108
0         250        125   0.18228                  9             0.049031
0         500        250  0.143247                 14             0.055147
0         750        375  0.120742                 14             0.049031
0        1000        500  0.097529                 15             0.049031
0        1250        625  0.081373                 11             0.049031
0        1500        750  0.104094                 11             0.053108
0        1750        875  0.100114                 12             0.049031
0        2000       1000  0.108224                 12             0.046992
----------------------
\cut_off_freq, winsize: (49, 19)
  window_size step_width  Mean_EER median_n_neighbors median_contamination
0         125         62  0.244635                  6             0.042914
0         250        125  0.200906                  6             0.051069
0         500        250  0.156262                 12             0.055147
0         750        375  0.126914                 17             0.044953
0        1000        500  0.106964                 14             0.049031
0        1250        625  0.096957                 11             0.048011
0        1500        750   0.10229                 12             0.049031
0        1750        875  0.101773                 11             0.055147
0        2000       1000  0.108158                 11             0.040876
----------------------
\cut_off_freq, winsize: (37, 16)
  window_size step_width  Mean_EER median_n_neighbors median_contamination
0         125         62  0.228198                  7             0.051069
0         250        125  0.187788                  7             0.051069
0         500        250  0.151347                 11             0.051069
0         750        375  0.117895                 18             0.049031
0        1000        500  0.101187                 12             0.051069
0        1250        625  0.087952                 12             0.055147
0        1500        750  0.102729                 11             0.049031
0        1750        875  0.101876                 13             0.051069
0        2000       1000  0.108355                 11             0.044953
----------------------
\cut_off_freq, winsize: (34, 46)
  window_size step_width  Mean_EER median_n_neighbors median_contamination
0         125         62  0.348102                  9             0.049031
0         250        125  0.312654                  8             0.046992
0         500        250  0.263396                 17             0.049031
0         750        375    0.2311                 16             0.045972
0        1000        500   0.21027                 16             0.049031
0        1250        625  0.198766                 13             0.042914
0        1500        750  0.190058                 16             0.042914
0        1750        875  0.158009                 18             0.049031
0        2000       1000  0.179145                 14             0.051069
----------------------
\cut_off_freq, winsize: (1, 43)
  window_size step_width  Mean_EER median_n_neighbors median_contamination
0         125         62    0.4023                 11             0.040876
0         250        125  0.365979                 12             0.052089
0         500        250  0.335828                 15             0.049031
0         750        375   0.32299                  9             0.049031
0        1000        500  0.295218                 14             0.044953
0        1250        625  0.262418                 16             0.051069
0        1500        750  0.259844                 15             0.049031
0        1750        875  0.234268                 18             0.046992
0        2000       1000  0.260987                 15             0.049031
----------------------
\cut_off_freq, winsize: (24, 25)
  window_size step_width  Mean_EER median_n_neighbors median_contamination
0         125         62  0.273458                  4             0.040876
0         250        125    0.2276                  8             0.040876
0         500        250  0.183481                 11             0.044953
0         750        375  0.147775                 15             0.054128
0        1000        500  0.122497                 13             0.048011
0        1250        625  0.107648                 13             0.049031
0        1500        750   0.11808                 13             0.055147
0        1750        875  0.103547                 10             0.051069
0        2000       1000  0.108684                 11             0.040876
----------------------
\cut_off_freq, winsize: (8, 48)
  window_size step_width  Mean_EER median_n_neighbors median_contamination
0         125         62  0.341828                 13             0.049031
0         250        125  0.317546                  4             0.040876
0         500        250  0.261826                 15             0.048011
0         750        375  0.232153                 16             0.042914
0        1000        500  0.212997                 15             0.049031
0        1250        625  0.190625                 14             0.049031
0        1500        750  0.193031                 12             0.042914
0        1750        875  0.155778                 17             0.049031
0        2000       1000  0.170197                 15             0.051069
----------------------

Sorting based on Mean EER among windows
1) ((26, 2), 0.11202946620317565)
2) ((9, 9), 0.11578634556143842)
3) ((5, 15), 0.129735506667701)
4) ((37, 16), 0.13192533280366878)
5) ((49, 19), 0.13831780742292824)
6) ((24, 25), 0.15475223231157165)
7) ((17, 25), 0.15574970279461087)
8) ((7, 35), 0.18046790173793073)
9) ((43, 34), 0.18428220318506028)
10) ((38, 45), 0.22947032661394381)
11) ((8, 48), 0.23066476887782836)
12) ((34, 46), 0.2323889613320824)
13) ((1, 43), 0.3044256496186883)
