
----------------------------------------2023/06/04-22:36:07----------------------------------------

----------------------------------------final_experiments_results/WACA-LOF/Butterworth_Mean_EER_Naive_df_train_dict.txt----------------------------------------

----------------------
\cut_off_freq: 1
  window_size step_width  Mean_EER median_n_neighbors median_contamination
0         125         62  0.173575                 12             0.049031
0         250        125  0.152923                  8              0.05005
0         500        250  0.133545                 11             0.040876
0         750        375  0.119976                 12             0.051069
0        1000        500  0.117522                 14             0.049031
0        1250        625  0.109663                 16             0.049031
0        1500        750  0.115497                 14             0.048011
0        1750        875  0.115332                 11             0.051069
0        2000       1000  0.117566                 11             0.042914
----------------------
\cut_off_freq: 5
  window_size step_width  Mean_EER median_n_neighbors median_contamination
0         125         62    0.1825                 10             0.049031
0         250        125  0.152915                  9             0.049031
0         500        250  0.133608                 12             0.046992
0         750        375   0.11634                 13             0.049031
0        1000        500  0.094576                 12             0.046992
0        1250        625   0.08491                 11             0.044953
0        1500        750  0.097612                 11             0.051069
0        1750        875  0.099886                 11             0.049031
0        2000       1000  0.107105                 11             0.046992
----------------------
\cut_off_freq: 9
  window_size step_width  Mean_EER median_n_neighbors median_contamination
0         125         62  0.171955                  8             0.055147
0         250        125   0.14584                 14             0.049031
0         500        250  0.122448                 13             0.049031
0         750        375   0.09689                 14             0.042914
0        1000        500  0.093806                 14             0.051069
0        1250        625  0.086595                 16             0.049031
0        1500        750  0.096637                 13             0.055147
0        1750        875  0.096396                 12             0.055147
0        2000       1000  0.112763                 11             0.043934
----------------------
\cut_off_freq: 13
  window_size step_width  Mean_EER median_n_neighbors median_contamination
0         125         62  0.172626                 10             0.055147
0         250        125  0.146478                 12              0.05005
0         500        250  0.114743                 13             0.049031
0         750        375  0.100024                 12             0.049031
0        1000        500  0.095443                 14             0.049031
0        1250        625  0.086472                 14             0.049031
0        1500        750   0.09693                 10             0.044953
0        1750        875  0.100057                  9             0.049031
0        2000       1000  0.115855                 11             0.040876
----------------------
\cut_off_freq: 17
  window_size step_width  Mean_EER median_n_neighbors median_contamination
0         125         62  0.171451                 11             0.049031
0         250        125  0.139805                 10             0.055147
0         500        250  0.111256                 15             0.049031
0         750        375  0.096794                 13             0.051069
0        1000        500  0.088864                 13             0.051069
0        1250        625  0.090214                 12             0.055147
0        1500        750  0.097368                 11             0.051069
0        1750        875  0.099371                  9             0.051069
0        2000       1000  0.116711                 11             0.042914
----------------------
\cut_off_freq: 21
  window_size step_width  Mean_EER median_n_neighbors median_contamination
0         125         62  0.174567                 12             0.053108
0         250        125  0.140372                 11             0.043934
0         500        250   0.10975                 15              0.05005
0         750        375  0.098421                 12             0.051069
0        1000        500  0.091752                 13             0.049031
0        1250        625  0.086801                 11             0.053108
0        1500        750  0.098246                 11             0.049031
0        1750        875  0.094794                  9             0.040876
0        2000       1000  0.124539                  9             0.051069
----------------------
\cut_off_freq: 25
  window_size step_width  Mean_EER median_n_neighbors median_contamination
0         125         62  0.175367                 11             0.042914
0         250        125  0.135802                 15             0.053108
0         500        250  0.112318                 14             0.042914
0         750        375  0.093876                 13             0.051069
0        1000        500  0.094255                 12             0.049031
0        1250        625  0.085033                 13             0.051069
0        1500        750  0.102193                 11             0.049031
0        1750        875  0.094508                  9             0.051069
0        2000       1000  0.114474                 11             0.046992
----------------------
\cut_off_freq: 29
  window_size step_width  Mean_EER median_n_neighbors median_contamination
0         125         62  0.173415                  9             0.051069
0         250        125  0.137827                 12             0.049031
0         500        250  0.110193                 15             0.049031
0         750        375  0.095287                 12             0.049031
0        1000        500  0.090886                 13             0.051069
0        1250        625  0.087336                 13             0.051069
0        1500        750  0.098002                 11             0.049031
0        1750        875  0.090561                 10             0.049031
0        2000       1000  0.110789                 11             0.044953
----------------------
\cut_off_freq: 33
  window_size step_width  Mean_EER median_n_neighbors median_contamination
0         125         62  0.172849                  8             0.042914
0         250        125  0.134565                 14             0.044953
0         500        250  0.105881                 16             0.049031
0         750        375  0.094928                 12             0.046992
0        1000        500  0.090276                 12             0.052089
0        1250        625  0.087171                 12             0.051069
0        1500        750  0.098051                 11             0.049031
0        1750        875  0.094165                 10             0.049031
0        2000       1000  0.111513                 11             0.046992
----------------------
\cut_off_freq: 37
  window_size step_width  Mean_EER median_n_neighbors median_contamination
0         125         62  0.170795                  8             0.042914
0         250        125  0.135912                 13             0.044953
0         500        250   0.11032                 14             0.049031
0         750        375  0.090742                 14             0.051069
0        1000        500  0.088736                 14             0.049031
0        1250        625  0.085526                 13             0.053108
0        1500        750  0.095906                 12             0.046992
0        1750        875  0.092563                  9             0.051069
0        2000       1000  0.115197                 10             0.053108
----------------------
\cut_off_freq: 41
  window_size step_width  Mean_EER median_n_neighbors median_contamination
0         125         62  0.173348                  9             0.049031
0         250        125  0.139127                 12             0.055147
0         500        250  0.115536                 11             0.040876
0         750        375  0.094474                 13             0.051069
0        1000        500   0.09233                 14             0.049031
0        1250        625  0.086266                 14             0.051069
0        1500        750   0.09576                 11             0.048011
0        1750        875  0.091533                  9             0.044953
0        2000       1000  0.112763                 11             0.049031
----------------------
\cut_off_freq: 45
  window_size step_width  Mean_EER median_n_neighbors median_contamination
0         125         62  0.170955                  9             0.051069
0         250        125  0.137535                 11             0.042914
0         500        250  0.107483                 16             0.040876
0         750        375  0.092823                 14             0.051069
0        1000        500  0.091945                 12             0.049031
0        1250        625  0.086883                 13             0.049031
0        1500        750  0.102973                 12             0.051069
0        1750        875  0.098055                 10             0.051069
0        2000       1000  0.121053                 10             0.054128
----------------------
\cut_off_freq: 49
  window_size step_width  Mean_EER median_n_neighbors median_contamination
0         125         62  0.172931                  9             0.049031
0         250        125   0.13815                 11             0.049031
0         500        250  0.109654                 14             0.041895
0         750        375  0.093373                 13             0.049031
0        1000        500  0.092073                 11             0.044953
0        1250        625  0.088035                 13             0.049031
0        1500        750  0.095712                 11             0.044953
0        1750        875   0.09468                 10             0.051069
0        2000       1000  0.117303                 11             0.049031
----------------------

Sorting based on Mean EER among windows
1) (37, 0.10952197612573461)
2) (33, 0.1099332269461929)
3) (29, 0.11047729008175886)
4) (41, 0.11123754237716835)
5) (49, 0.1113233069702496)
6) (25, 0.11198060129858242)
7) (45, 0.11218936561916827)
8) (17, 0.11242585458428768)
9) (21, 0.11324904951385463)
10) (9, 0.11370334573547604)
11) (13, 0.11429205853500328)
12) (5, 0.11882803268055477)
13) (1, 0.12839985961692993)
