
----------------------------------------2023/06/29-17:41:40----------------------------------------

----------------------------------------clip=False_experiments_results/WACA-LOF/clip=False-Minkowski_P=2-Smoothing=None-Prep=None-EER_df_train_dict.txt----------------------------------------

----------------------

test_dict_key: -99999
  window_size step_width  Mean_EER median_n_neighbors median_contamination
0         125         62  0.150523                  5             0.051069
0         250        125  0.087898                  7             0.051069
0         500        250  0.054851                  8             0.049031
0         750        375  0.037632                 11             0.049031
0        1000        500   0.03052                 11             0.049031
0        1250        625  0.023561                 11             0.049031
0        1500        750  0.019298                 11             0.049031
0        1750        875  0.017849                 10             0.049031
0        2000       1000  0.017237                 11             0.049031
----------------------

Sorting based on Mean EER among windows
1) (-99999, 0.048818717005772345)
