
----------------------Training results for cv_fold_idx: 0----------------------
cut_off_freq: 1

----------------------Training results for cv_fold_idx: 0----------------------
EMA_span: 1
  window_size step_width  Mean_EER median_n_neighbors median_contamination
0         125         62  0.168195                  8             0.040876
0         250        125  0.108163                  8             0.044953
0         500        250  0.072479                  9             0.048011
0         750        375  0.055072                 10             0.044953
0        1000        500  0.050096                  9             0.049031
0        1250        625  0.043668                 10             0.049031
0        1500        750  0.034259                 11             0.049031
0        1750        875  0.037243                 10             0.049031
0        2000       1000  0.037566                 11             0.049031
----------------------Training results for cv_fold_idx: 1----------------------
EMA_span: 1
  window_size step_width  Mean_EER median_n_neighbors median_contamination
0         125         62  0.166758                  8             0.049031
0         250        125  0.107036                  9             0.049031
0         500        250  0.070847                 10             0.049031
0         750        375  0.062799                  9             0.044953
0        1000        500  0.055006                  9             0.049031
0        1250        625  0.050247                  9             0.049031
0        1500        750  0.046248                 11             0.049031
0        1750        875  0.045881                 10             0.049031
0        2000       1000  0.048355                 11             0.049031
----------------------Training results for cv_fold_idx: 2----------------------
EMA_span: 1
  window_size step_width  Mean_EER median_n_neighbors median_contamination
0         125         62  0.152225                  6             0.053108
0         250        125   0.08849                  7             0.051069
0         500        250  0.054798                  8             0.049031
0         750        375  0.039314                 10             0.049031
0        1000        500   0.03113                 11             0.049031
0        1250        625  0.024397                 10             0.049031
0        1500        750  0.020143                 11             0.049031
0        1750        875  0.018307                 10             0.049031
0        2000       1000  0.018275                 11             0.049031