
----------------------Training results for cv_fold_idx: 0----------------------
SMA_winsize: 49
  window_size step_width  Mean_EER median_n_neighbors median_contamination
0         125         62   0.14667                  7             0.051069
0         250        125  0.099645                  7             0.051069
0         500        250  0.074081                 10             0.049031
0         750        375  0.052201                 11             0.043934
0        1000        500  0.043838                 13             0.049031
0        1250        625  0.037377                  9             0.049031
0        1500        750  0.034454                 12             0.049031
0        1750        875   0.03627                 11             0.049031
0        2000       1000  0.034145                 11             0.049031
----------------------Training results for cv_fold_idx: 1----------------------
SMA_winsize: 49
  window_size step_width  Mean_EER median_n_neighbors median_contamination
0         125         62  0.133797                  9              0.05005
0         250        125  0.092302                  8             0.049031
0         500        250  0.067438                 10             0.049031
0         750        375  0.059043                  9             0.044953
0        1000        500  0.051027                  8             0.051069
0        1250        625  0.048191                  8             0.051069
0        1500        750  0.045078                  6             0.049031
0        1750        875  0.049199                  9             0.049031
0        2000       1000  0.050592                  8             0.049031
----------------------Training results for cv_fold_idx: 2----------------------
SMA_winsize: 49
  window_size step_width  Mean_EER median_n_neighbors median_contamination
0         125         62  0.143331                  8             0.046992
0         250        125  0.104493                  8             0.051069
0         500        250  0.073681                  8             0.049031
0         750        375  0.048006                 11             0.049031
0        1000        500  0.035052                  9             0.051069
0        1250        625  0.029103                 12             0.049031
0        1500        750    0.0248                 11             0.049031
0        1750        875  0.022693                 13             0.049031
0        2000       1000  0.022368                 10             0.046992