
----------------------------------------2023/06/05-09:59:32----------------------------------------

----------------------
\EMA span: 1
  window_size step_width  Mean_EER median_n_neighbors median_contamination
0         125         62  0.177987                 11             0.042914
0         250        125  0.143114                 10             0.054128
0         500        250  0.115996                 12             0.049031
0         750        375  0.100957                 13             0.049031
0        1000        500  0.093517                 12             0.045972
0        1250        625  0.088939                 14             0.051069
0        1500        750  0.101901                 12             0.051069
0        1750        875   0.09262                 11             0.046992
0        2000       1000  0.117961                 10             0.044953
----------------------
\EMA span: 5
  window_size step_width  Mean_EER median_n_neighbors median_contamination
0         125         62  0.172158                 14             0.049031
0         250        125  0.145698                 12             0.048011
0         500        250  0.111826                 15             0.049031
0         750        375  0.091077                 13             0.051069
0        1000        500  0.086104                 14             0.044953
0        1250        625  0.081949                 13             0.049031
0        1500        750   0.09347                 11             0.046992
0        1750        875    0.0873                 11             0.049031
0        2000       1000  0.104276                 11             0.040876
----------------------
\EMA span: 9
  window_size step_width  Mean_EER median_n_neighbors median_contamination
0         125         62  0.170729                  9             0.049031
0         250        125  0.149905                 13             0.051069
0         500        250  0.111842                 15             0.055147
0         750        375   0.09878                 12             0.049031
0        1000        500  0.083151                 13             0.049031
0        1250        625  0.076974                 12             0.051069
0        1500        750  0.090838                 11             0.051069
0        1750        875  0.091419                 13             0.049031
0        2000       1000  0.103421                 12             0.049031
----------------------
\EMA span: 13
  window_size step_width  Mean_EER median_n_neighbors median_contamination
0         125         62  0.171701                 13             0.049031
0         250        125   0.14725                 11             0.040876
0         500        250  0.114521                 12             0.048011
0         750        375  0.093349                 14             0.042914
0        1000        500  0.083055                 13             0.042914
0        1250        625  0.077549                 13             0.049031
0        1500        750  0.087476                 11             0.044953
0        1750        875   0.08833                 11             0.046992
0        2000       1000  0.103882                 11             0.046992
----------------------
\EMA span: 17
  window_size step_width  Mean_EER median_n_neighbors median_contamination
0         125         62  0.168683                  8             0.044953
0         250        125  0.144571                  9             0.055147
0         500        250  0.115187                 11             0.049031
0         750        375  0.093732                 16             0.051069
0        1000        500  0.086329                 13             0.049031
0        1250        625  0.076521                 14             0.049031
0        1500        750  0.087573                 12             0.046992
0        1750        875  0.091247                 12             0.051069
0        2000       1000  0.101316                 11             0.049031
----------------------
\EMA span: 21
  window_size step_width  Mean_EER median_n_neighbors median_contamination
0         125         62  0.167195                  9             0.044953
0         250        125  0.139214                 11             0.054128
0         500        250  0.114553                 11             0.053108
0         750        375  0.096651                 16             0.049031
0        1000        500  0.086938                 12             0.044953
0        1250        625  0.075123                 13             0.046992
0        1500        750  0.089717                 13             0.046992
0        1750        875  0.086442                 11             0.049031
0        2000       1000  0.096184                 11             0.051069
----------------------
\EMA span: 25
  window_size step_width  Mean_EER median_n_neighbors median_contamination
0         125         62  0.166738                  7             0.049031
0         250        125  0.137567                 11             0.044953
0         500        250  0.109052                 13             0.051069
0         750        375  0.092321                 16             0.049031
0        1000        500  0.081547                 14             0.049031
0        1250        625  0.078906                 15             0.049031
0        1500        750  0.090253                 12             0.042914
0        1750        875  0.087471                 12             0.049031
0        2000       1000  0.093947                 11             0.046992
----------------------
\EMA span: 29
  window_size step_width  Mean_EER median_n_neighbors median_contamination
0         125         62  0.163763                  7             0.049031
0         250        125  0.138914                  8             0.044953
0         500        250  0.109432                 12             0.051069
0         750        375  0.095359                 14             0.042914
0        1000        500  0.080777                 15             0.040876
0        1250        625   0.07685                 14             0.051069
0        1500        750  0.091813                 13             0.044953
0        1750        875  0.089016                 12             0.046992
0        2000       1000  0.090855                 11             0.040876
----------------------
\EMA span: 33
  window_size step_width  Mean_EER median_n_neighbors median_contamination
0         125         62  0.161651                  9             0.044953
0         250        125  0.135968                 12             0.049031
0         500        250  0.106294                 13             0.055147
0         750        375  0.094019                 15             0.042914
0        1000        500  0.079685                 14             0.049031
0        1250        625   0.07134                 12             0.054128
0        1500        750  0.089474                 13             0.049031
0        1750        875   0.09119                 12             0.049031
0        2000       1000  0.088289                 11             0.040876
----------------------
\EMA span: 37
  window_size step_width  Mean_EER median_n_neighbors median_contamination
0         125         62  0.157727                  9             0.049031
0         250        125  0.136235                 11             0.042914
0         500        250  0.111509                 11             0.051069
0         750        375  0.089211                 15             0.049031
0        1000        500  0.078306                 13             0.051069
0        1250        625  0.078084                 14             0.045972
0        1500        750  0.090058                 15             0.052089
0        1750        875  0.086442                 12             0.051069
0        2000       1000  0.089934                 11             0.040876
----------------------
\EMA span: 41
  window_size step_width  Mean_EER median_n_neighbors median_contamination
0         125         62  0.156169                  8             0.049031
0         250        125  0.137512                  8             0.055147
0         500        250  0.113126                 10             0.049031
0         750        375  0.089402                 15             0.049031
0        1000        500   0.07991                 15             0.049031
0        1250        625  0.078618                 13             0.051069
0        1500        750  0.088938                 14             0.046992
0        1750        875  0.091419                 12             0.051069
0        2000       1000  0.089803                 10             0.049031
----------------------
\EMA span: 45
  window_size step_width  Mean_EER median_n_neighbors median_contamination
0         125         62  0.154353                  8             0.049031
0         250        125  0.134809                 12             0.051069
0         500        250  0.103218                 14             0.049031
0         750        375  0.093828                 12             0.053108
0        1000        500  0.080488                 11             0.040876
0        1250        625  0.081826                 16             0.040876
0        1500        750  0.086452                 12             0.046992
0        1750        875  0.097254                 16             0.049031
0        2000       1000  0.092961                 10             0.049031
----------------------
\EMA span: 49
  window_size step_width  Mean_EER median_n_neighbors median_contamination
0         125         62  0.151191                  9             0.049031
0         250        125  0.132304                 12             0.051069
0         500        250  0.107784                 11             0.049031
0         750        375  0.086579                 16             0.049031
0        1000        500  0.085302                  9             0.049031
0        1250        625  0.081949                 15             0.046992
0        1500        750  0.085819                 14             0.049031
0        1750        875  0.088902                 13             0.049031
0        2000       1000  0.094145                 11             0.046992
----------------------

Sorting based on Mean EER among windows
1) (49, 0.10155256772964769)
2) (37, 0.10194508120009288)
3) (33, 0.10199001172051964)
4) (41, 0.10276627606356353)
5) (45, 0.10279876434100993)
6) (29, 0.10408664305804131)
7) (25, 0.10420034124371809)
8) (21, 0.10577970599078175)
9) (17, 0.10723991002990073)
10) (13, 0.10745697775591559)
11) (5, 0.10820637027384206)
12) (9, 0.10856213450905507)
13) (1, 0.11477676396151074)
