
----------------------------------------2023/06/05-12:26:43----------------------------------------

----------------------
\EMA span: 1
  window_size step_width  Mean_EER median_n_neighbors median_contamination
0         125         62  0.177987                 11             0.042914
0         250        125  0.143114                 10             0.054128
0         500        250  0.115996                 12             0.049031
0         750        375  0.100957                 13             0.049031
0        1000        500  0.093517                 12             0.045972
0        1250        625  0.088939                 14             0.051069
0        1500        750  0.101901                 12             0.051069
0        1750        875   0.09262                 11             0.046992
0        2000       1000  0.117961                 10             0.044953
----------------------
\EMA span: 5
  window_size step_width  Mean_EER median_n_neighbors median_contamination
0         125         62  0.186256                 12             0.044953
0         250        125  0.154656                 14             0.046992
0         500        250    0.1185                 15             0.055147
0         750        375  0.096124                 14             0.049031
0        1000        500   0.09432                 16             0.042914
0        1250        625  0.086513                 14             0.044953
0        1500        750  0.102242                 12              0.05005
0        1750        875  0.090217                 12             0.046992
0        2000       1000  0.107171                 11             0.040876
----------------------
\EMA span: 9
  window_size step_width  Mean_EER median_n_neighbors median_contamination
0         125         62  0.194612                 12             0.044953
0         250        125  0.166806                 11             0.049031
0         500        250  0.124382                 15             0.055147
0         750        375  0.098373                 17             0.049031
0        1000        500   0.09432                 14             0.049031
0        1250        625  0.086184                 14             0.049031
0        1500        750  0.102973                 13             0.051069
0        1750        875  0.089016                 12             0.049031
0        2000       1000  0.108421                 11             0.049031
----------------------
\EMA span: 13
  window_size step_width  Mean_EER median_n_neighbors median_contamination
0         125         62  0.207676                  8             0.051069
0         250        125  0.173148                 11             0.049031
0         500        250  0.133798                 12             0.044953
0         750        375  0.101005                 18             0.049031
0        1000        500  0.093357                 14             0.044953
0        1250        625  0.084992                 12             0.052089
0        1500        750  0.098684                 11             0.049031
0        1750        875  0.094565                 13             0.049031
0        2000       1000  0.109342                 13             0.048011
----------------------
\EMA span: 17
  window_size step_width  Mean_EER median_n_neighbors median_contamination
0         125         62  0.223165                  8             0.049031
0         250        125  0.176662                 15             0.055147
0         500        250  0.139014                 14             0.051069
0         750        375  0.110311                 15             0.051069
0        1000        500   0.10138                 16             0.042914
0        1250        625  0.087253                 11             0.046992
0        1500        750  0.098538                 12             0.049031
0        1750        875  0.095538                 11             0.049031
0        2000       1000  0.107895                 11              0.05005
----------------------
\EMA span: 21
  window_size step_width  Mean_EER median_n_neighbors median_contamination
0         125         62  0.238256                  9             0.049031
0         250        125  0.191105                 13             0.049031
0         500        250  0.147146                 14             0.051069
0         750        375  0.117105                 16             0.049031
0        1000        500  0.106386                 14             0.049031
0        1250        625  0.090049                 12             0.049031
0        1500        750  0.104483                 14             0.046992
0        1750        875  0.100915                 14             0.049031
0        2000       1000  0.109408                 11             0.049031
----------------------
\EMA span: 25
  window_size step_width  Mean_EER median_n_neighbors median_contamination
0         125         62  0.253826                  6             0.049031
0         250        125  0.205807                 11             0.044953
0         500        250  0.156959                 15              0.05005
0         750        375  0.126746                 16             0.042914
0        1000        500  0.113864                 15             0.051069
0        1250        625  0.094367                 13             0.048011
0        1500        750  0.112719                 16             0.051069
0        1750        875  0.097025                 12              0.05005
0        2000       1000  0.111645                 11             0.053108
----------------------
\EMA span: 29
  window_size step_width  Mean_EER median_n_neighbors median_contamination
0         125         62  0.264013                  8             0.044953
0         250        125  0.220548                  8             0.046992
0         500        250  0.173335                 15             0.054128
0         750        375  0.142416                 14             0.040876
0        1000        500  0.117875                 17             0.049031
0        1250        625  0.101275                 15             0.049031
0        1500        750  0.115302                 13             0.044953
0        1750        875  0.106407                 13             0.053108
0        2000       1000  0.114737                 12             0.045972
----------------------
\EMA span: 33
  window_size step_width  Mean_EER median_n_neighbors median_contamination
0         125         62  0.275316                  9             0.049031
0         250        125  0.234715                 11             0.045972
0         500        250  0.189585                 14             0.042914
0         750        375  0.151268                 15             0.049031
0        1000        500  0.126348                 18             0.042914
0        1250        625  0.111184                 16             0.049031
0        1500        750  0.120322                 13             0.051069
0        1750        875   0.10984                 14             0.049031
0        2000       1000  0.116776                 13             0.049031
----------------------
\EMA span: 37
  window_size step_width  Mean_EER median_n_neighbors median_contamination
0         125         62  0.286315                  9             0.055147
0         250        125  0.248038                 12             0.053108
0         500        250   0.20501                 14             0.049031
0         750        375  0.169569                 13             0.044953
0        1000        500  0.135013                 17             0.040876
0        1250        625  0.122615                 16             0.040876
0        1500        750  0.127729                 13             0.042914
0        1750        875  0.114474                 14             0.046992
0        2000       1000  0.130592                 12             0.044953
----------------------
\EMA span: 41
  window_size step_width  Mean_EER median_n_neighbors median_contamination
0         125         62  0.297529                 10             0.044953
0         250        125  0.262559                  8             0.042914
0         500        250  0.213205                 17             0.049031
0         750        375  0.179785                 14             0.049031
0        1000        500  0.151444                 17             0.049031
0        1250        625  0.132237                 16             0.049031
0        1500        750  0.137573                 14             0.049031
0        1750        875  0.126945                 14             0.049031
0        2000       1000  0.134934                 13             0.055147
----------------------
\EMA span: 45
  window_size step_width  Mean_EER median_n_neighbors median_contamination
0         125         62  0.307848                 10             0.049031
0         250        125  0.272684                  8             0.046992
0         500        250  0.231737                 13             0.053108
0         750        375  0.189498                 17             0.051069
0        1000        500  0.162356                 16             0.042914
0        1250        625  0.145148                 16             0.049031
0        1500        750  0.149708                 15             0.044953
0        1750        875  0.130378                 14             0.049031
0        2000       1000  0.136908                 14             0.048011
----------------------
\EMA span: 49
  window_size step_width  Mean_EER median_n_neighbors median_contamination
0         125         62  0.316539                  9              0.05005
0         250        125  0.284872                  7             0.049031
0         500        250  0.247036                 12             0.042914
0         750        375  0.201077                 16             0.049031
0        1000        500   0.17516                 18             0.042914
0        1250        625  0.156743                 17             0.046992
0        1500        750  0.162086                 17             0.049031
0        1750        875  0.137071                 15             0.049031
0        2000       1000  0.153158                 12             0.051069
----------------------

Sorting based on Mean EER among windows
1) (1, 0.11477676396151074)
2) (5, 0.11511117728666645)
3) (9, 0.11834292638119022)
4) (13, 0.1218408713955566)
5) (17, 0.12663956803728837)
6) (21, 0.13387269712769811)
7) (25, 0.1414398753425749)
8) (29, 0.15065661289403406)
9) (33, 0.15948372205949796)
10) (37, 0.17103942615850048)
11) (41, 0.1818012364789644)
12) (45, 0.19180702552592493)
13) (49, 0.20374911493681666)
