
----------------------------------------2023/06/21-13:25:16----------------------------------------

----------------------------------------final_experiments_results/WACA-LOF/None_Mean_EER_None_df_train_dict.txt----------------------------------------

----------------------

test_dict_key: -99999
  window_size step_width  Mean_EER median_n_neighbors median_contamination
0         125         62  0.177987                 11             0.042914
0         250        125  0.143114                 10             0.054128
0         500        250  0.115996                 12             0.049031
0         750        375  0.100957                 13             0.049031
0        1000        500  0.093517                 12             0.045972
0        1250        625  0.088939                 14             0.051069
0        1500        750  0.101901                 12             0.051069
0        1750        875   0.09262                 11             0.046992
0        2000       1000  0.117961                 10             0.044953
----------------------

Sorting based on Mean EER among windows
1) (-99999, 0.11477676396151074)
