
----------------------------------------2023/07/30-07:01:13----------------------------------------

----------------------Training results for cv_fold_idx: 0----------------------
overlap: 0.81
  window_size step_width  Mean_EER median_n_neighbors median_contamination
0         125         23  0.160935                 10             0.044953
0         250         47  0.110898                  9             0.053108
0         500         94  0.069995                 11             0.048011
0         750        142  0.055999                 11             0.046992
0        1000        189  0.050099                 11             0.051069
0        1250        237  0.047901                 11             0.049031
0        1500        284  0.042105                 13             0.049031
0        1750        332  0.041357                 11             0.049031
0        2000        379  0.041409                 12             0.049031
----------------------Training results for cv_fold_idx: 1----------------------
overlap: 0.81
  window_size step_width  Mean_EER median_n_neighbors median_contamination
0         125         23  0.158625                 11             0.046992
0         250         47   0.10941                 11             0.049031
0         500         94  0.072615                 10             0.051069
0         750        142  0.061318                 11             0.046992
0        1000        189  0.057671                 10             0.049031
0        1250        237  0.053916                 11             0.049031
0        1500        284  0.054024                 11             0.049031
0        1750        332  0.051497                 10             0.048011
0        2000        379  0.054541                 11             0.049031
----------------------Training results for cv_fold_idx: 2----------------------
overlap: 0.81
  window_size step_width  Mean_EER median_n_neighbors median_contamination
0         125         23  0.145481                  9             0.040876
0         250         47  0.090855                 10             0.053108
0         500         94  0.055362                 12             0.051069
0         750        142  0.039034                 13             0.044953
0        1000        189  0.031033                 12             0.049031
0        1250        237  0.024541                 11             0.049031
0        1500        284   0.02051                 12             0.049031
0        1750        332  0.017241                 12             0.049031
0        2000        379   0.01806                 12             0.049031