
----------------------------------------2023/07/30-07:01:13----------------------------------------

----------------------Training results for cv_fold_idx: 0----------------------
overlap: 0.5700000000000001
  window_size step_width  Mean_EER median_n_neighbors median_contamination
0         125         53  0.160216                  8             0.053108
0         250        107  0.112439                  8             0.049031
0         500        214  0.070546                  9             0.049031
0         750        322  0.056495                 11             0.049031
0        1000        429   0.04874                 12             0.046992
0        1250        537  0.040896                  8             0.046992
0        1500        644  0.037097                  9             0.049031
0        1750        752  0.037955                 10             0.049031
0        2000        859  0.036041                 12             0.049031
----------------------Training results for cv_fold_idx: 1----------------------
overlap: 0.5700000000000001
  window_size step_width  Mean_EER median_n_neighbors median_contamination
0         125         53  0.159411                  7             0.049031
0         250        107  0.110357                  9             0.049031
0         500        214  0.070833                 11             0.051069
0         750        322  0.060067                  9             0.044953
0        1000        429  0.053947                 11             0.049031
0        1250        537  0.048826                 11             0.049031
0        1500        644  0.048896                 11             0.049031
0        1750        752  0.048988                 11             0.046992
0        2000        859  0.047082                 11             0.049031
----------------------Training results for cv_fold_idx: 2----------------------
overlap: 0.5700000000000001
  window_size step_width  Mean_EER median_n_neighbors median_contamination
0         125         53  0.143664                  6             0.051069
0         250        107  0.091646                  8             0.046992
0         500        214   0.05251                  9             0.049031
0         750        322  0.043094                 10             0.046992
0        1000        429  0.030857                 11             0.049031
0        1250        537   0.02276                  9             0.049031
0        1500        644  0.019572                 11             0.046992
0        1750        752  0.018275                 10             0.049031
0        2000        859  0.017162                 11             0.049031