
----------------------------------------2023/07/29-23:28:04----------------------------------------

----------------------Training results for cv_fold_idx: 0----------------------
overlap: 0.37
  window_size step_width  Mean_EER median_n_neighbors median_contamination
0         125         78  0.169138                  8             0.044953
0         250        157  0.111545                  8             0.051069
0         500        315   0.06882                 10             0.049031
0         750        472  0.057528                  9             0.049031
0        1000        630  0.048684                 12             0.049031
0        1250        787  0.039626                  9             0.049031
0        1500        945  0.040351                  9             0.049031
0        1750       1102  0.036184                 11             0.049031
0        2000       1260  0.039474                 11             0.049031
----------------------Training results for cv_fold_idx: 1----------------------
overlap: 0.37
  window_size step_width  Mean_EER median_n_neighbors median_contamination
0         125         78  0.164351                  8             0.049031
0         250        157  0.109369                  9             0.049031
0         500        315  0.070295                  9             0.049031
0         750        472  0.063372                 10             0.049031
0        1000        630  0.056538                 11             0.049031
0        1250        787  0.048887                 10             0.049031
0        1500        945  0.049812                  9             0.046992
0        1750       1102  0.046418                 10             0.049031
0        2000       1260  0.049918                 10             0.049031
----------------------Training results for cv_fold_idx: 2----------------------
overlap: 0.37
  window_size step_width  Mean_EER median_n_neighbors median_contamination
0         125         78  0.152707                  4             0.049031
0         250        157  0.092578                  6             0.040876
0         500        315  0.053717                  9             0.049031
0         750        472  0.040766                  8             0.049031
0        1000        630  0.030245                  7             0.049031
0        1250        787   0.02283                 10             0.049031
0        1500        945  0.020816                 10             0.049031
0        1750       1102  0.022173                 11             0.046992
0        2000       1260   0.01864                  9             0.049031