
----------------------------------------2023/07/29-23:28:04----------------------------------------

----------------------Training results for cv_fold_idx: 0----------------------
overlap: 0.49
  window_size step_width  Mean_EER median_n_neighbors median_contamination
0         125         63  0.161295                  6             0.055147
0         250        127  0.110759                  8             0.044953
0         500        255  0.070062                  9             0.045972
0         750        382  0.052607                  9             0.051069
0        1000        510  0.048717                  8             0.051069
0        1250        637  0.044737                  9             0.049031
0        1500        765  0.038512                 10             0.049031
0        1750        892  0.037141                 11             0.049031
0        2000       1020  0.040235                 11             0.049031
----------------------Training results for cv_fold_idx: 1----------------------
overlap: 0.49
  window_size step_width  Mean_EER median_n_neighbors median_contamination
0         125         63  0.161192                  9             0.046992
0         250        127  0.105231                 10             0.049031
0         500        255   0.07258                  8             0.044953
0         750        382  0.062037                 11             0.049031
0        1000        510  0.056941                 11             0.051069
0        1250        637  0.053084                  9             0.049031
0        1500        765  0.049848                 11             0.049031
0        1750        892  0.050179                 11             0.049031
0        2000       1020  0.053047                 11             0.049031
----------------------Training results for cv_fold_idx: 2----------------------
overlap: 0.49
  window_size step_width  Mean_EER median_n_neighbors median_contamination
0         125         63  0.145825                  4             0.043934
0         250        127   0.09248                  6             0.055147
0         500        255  0.054148                 11             0.049031
0         750        382  0.038824                 10             0.042914
0        1000        510  0.033297                  8             0.049031
0        1250        637  0.024534                 10             0.048011
0        1500        765  0.019231                 10             0.049031
0        1750        892  0.021132                 12             0.049031
0        2000       1020  0.018775                 11             0.049031