
----------------------------------------2023/07/30-07:01:13----------------------------------------

----------------------Training results for cv_fold_idx: 0----------------------
overlap: 0.73
  window_size step_width  Mean_EER median_n_neighbors median_contamination
0         125         33  0.161611                  8             0.053108
0         250         67   0.10705                 11             0.049031
0         500        135  0.068421                 11             0.044953
0         750        202  0.058403                 11             0.044953
0        1000        270  0.049509                 10             0.049031
0        1250        337  0.044291                 11             0.049031
0        1500        405  0.039447                 12             0.049031
0        1750        472  0.039955                 12             0.049031
0        2000        540  0.040497                 11             0.049031
----------------------Training results for cv_fold_idx: 1----------------------
overlap: 0.73
  window_size step_width  Mean_EER median_n_neighbors median_contamination
0         125         33  0.159406                  8             0.051069
0         250         67  0.107916                 11             0.051069
0         500        135  0.071096                 11             0.051069
0         750        202  0.060565                 11             0.049031
0        1000        270  0.057579                 11             0.049031
0        1250        337  0.051963                 11             0.049031
0        1500        405  0.051611                 11             0.049031
0        1750        472  0.049775                 11             0.049031
0        2000        540  0.049963                 11             0.049031
----------------------Training results for cv_fold_idx: 2----------------------
overlap: 0.73
  window_size step_width  Mean_EER median_n_neighbors median_contamination
0         125         33  0.139808                  6             0.053108
0         250         67  0.088927                  9             0.051069
0         500        135  0.055459                 10             0.048011
0         750        202  0.041196                  9             0.044953
0        1000        270  0.032963                 11             0.049031
0        1250        337  0.026588                 11             0.046992
0        1500        405   0.02381                 11             0.049031
0        1750        472  0.017045                 11             0.049031
0        2000        540  0.015391                 11             0.049031