
----------------------------------------2023/07/29-23:28:04----------------------------------------

----------------------Training results for cv_fold_idx: 0----------------------
overlap: 0.17
  window_size step_width  Mean_EER median_n_neighbors median_contamination
0         125        103  0.173853                  7             0.053108
0         250        207  0.115555                  7             0.049031
0         500        415  0.069421                  7             0.053108
0         750        622  0.056539                 11             0.049031
0        1000        830  0.045632                 11             0.044953
0        1250       1037  0.044342                 10             0.046992
0        1500       1245  0.039474                 11             0.049031
0        1750       1452  0.032331                 10             0.049031
0        2000       1660  0.036623                 11             0.049031
----------------------Training results for cv_fold_idx: 1----------------------
overlap: 0.17
  window_size step_width  Mean_EER median_n_neighbors median_contamination
0         125        103  0.175642                  8             0.053108
0         250        207  0.111842                  7             0.051069
0         500        415  0.071947                 10             0.053108
0         750        622  0.056659                  7             0.049031
0        1000        830  0.053579                 10             0.049031
0        1250       1037  0.054079                 10             0.044953
0        1500       1245  0.051727                  9             0.049031
0        1750       1452  0.043985                 11             0.049031
0        2000       1660  0.047697                 11             0.049031
----------------------Training results for cv_fold_idx: 2----------------------
overlap: 0.17
  window_size step_width  Mean_EER median_n_neighbors median_contamination
0         125        103  0.155172                  6             0.059224
0         250        207  0.100486                  7             0.044953
0         500        415  0.058275                  7             0.049031
0         750        622  0.039031                 11             0.045972
0        1000        830  0.031404                  8             0.049031
0        1250       1037  0.023904                 11             0.049031
0        1500       1245  0.023666                 11             0.049031
0        1750       1452  0.023183                 11             0.049031
0        2000       1660  0.020224                  9             0.049031