
----------------------------------------2023/07/29-23:28:04----------------------------------------

----------------------Training results for cv_fold_idx: 0----------------------
overlap: 0.13
  window_size step_width  Mean_EER median_n_neighbors median_contamination
0         125        108  0.181633                  8             0.044953
0         250        217  0.109718                  7             0.044953
0         500        435  0.070175                  9             0.049031
0         750        652  0.053454                  7             0.049031
0        1000        870  0.051316                 11             0.049031
0        1250       1087  0.047438                  9             0.049031
0        1500       1305  0.040351                 10             0.049031
0        1750       1522  0.041498                  8             0.049031
0        2000       1740  0.046268                 11             0.049031
----------------------Training results for cv_fold_idx: 1----------------------
overlap: 0.13
  window_size step_width  Mean_EER median_n_neighbors median_contamination
0         125        108  0.172287                  8             0.049031
0         250        217  0.109923                  6             0.051069
0         500        435  0.068997                  8             0.044953
0         750        652  0.057155                 11             0.049031
0        1000        870  0.059325                  9             0.049031
0        1250       1087  0.056233                  9             0.049031
0        1500       1305  0.052895                  9             0.049031
0        1750       1522  0.052733                 11             0.049031
0        2000       1740  0.056029                 10             0.049031
----------------------Training results for cv_fold_idx: 2----------------------
overlap: 0.13
  window_size step_width  Mean_EER median_n_neighbors median_contamination
0         125        108  0.155996                  7             0.040876
0         250        217  0.089806                  5             0.049031
0         500        435  0.054794                  8             0.046992
0         750        652  0.039108                 11             0.049031
0        1000        870  0.034643                 10             0.049031
0        1250       1087  0.023469                  8             0.046992
0        1500       1305  0.022417                 10             0.049031
0        1750       1522  0.022942                 11             0.049031
0        2000       1740  0.027778                 10             0.049031