
----------------------------------------2023/07/29-23:28:04----------------------------------------

----------------------Training results for cv_fold_idx: 0----------------------
overlap: 0.41000000000000003
  window_size step_width  Mean_EER median_n_neighbors median_contamination
0         125         73  0.166424                  7             0.049031
0         250        147  0.112667                  7             0.044953
0         500        295  0.072707                  8             0.048011
0         750        442  0.055978                  9             0.051069
0        1000        590  0.050077                 10             0.049031
0        1250        737  0.047368                 10             0.048011
0        1500        885  0.037071                 11             0.049031
0        1750       1032  0.039127                 11             0.049031
0        2000       1180  0.037848                 11             0.049031
----------------------Training results for cv_fold_idx: 1----------------------
overlap: 0.41000000000000003
  window_size step_width  Mean_EER median_n_neighbors median_contamination
0         125         73  0.168168                  7             0.044953
0         250        147  0.107876                  7             0.044953
0         500        295  0.072199                  9             0.044953
0         750        442  0.058324                  9             0.051069
0        1000        590  0.055998                  9             0.046992
0        1250        737   0.05307                 10             0.046992
0        1500        885  0.049771                 11             0.049031
0        1750       1032  0.053047                 11             0.049031
0        2000       1180  0.048762                 11             0.049031
----------------------Training results for cv_fold_idx: 2----------------------
overlap: 0.41000000000000003
  window_size step_width  Mean_EER median_n_neighbors median_contamination
0         125         73  0.145176                  3             0.051069
0         250        147  0.092898                  7             0.040876
0         500        295  0.056558                  6             0.053108
0         750        442  0.037058                 11             0.049031
0        1000        590  0.031992                  7             0.049031
0        1250        737  0.027994                 10             0.049031
0        1500        885  0.022693                 10             0.049031
0        1750       1032  0.020622                  9             0.049031
0        2000       1180  0.018748                 10             0.049031