
----------------------------------------2023/07/29-23:28:04----------------------------------------

----------------------Training results for cv_fold_idx: 0----------------------
overlap: 0.09
  window_size step_width  Mean_EER median_n_neighbors median_contamination
0         125        113  0.175142                  6             0.049031
0         250        227  0.116934                  9             0.042914
0         500        455  0.067506                  7             0.051069
0         750        682   0.05636                 10             0.043934
0        1000        910  0.048565                  8             0.049031
0        1250       1137  0.047222                 11             0.051069
0        1500       1365   0.03807                 10             0.049031
0        1750       1592  0.039372                 11             0.049031
0        2000       1820    0.0439                 11             0.049031
----------------------Training results for cv_fold_idx: 1----------------------
overlap: 0.09
  window_size step_width  Mean_EER median_n_neighbors median_contamination
0         125        113  0.169922                  8             0.049031
0         250        227  0.117048                  9             0.044953
0         500        455  0.069651                  7             0.044953
0         750        682  0.063333                  9             0.049031
0        1000        910  0.058971                 11             0.049031
0        1250       1137  0.057456                  9             0.049031
0        1500       1365      0.05                 11             0.049031
0        1750       1592  0.049393                 11             0.049031
0        2000       1820  0.054019                 10             0.049031
----------------------Training results for cv_fold_idx: 2----------------------
overlap: 0.09
  window_size step_width  Mean_EER median_n_neighbors median_contamination
0         125        113  0.155666                  5             0.048011
0         250        227  0.095474                  7             0.053108
0         500        455  0.055428                 12             0.049031
0         750        682  0.044737                 10             0.049031
0        1000        910  0.034423                 11             0.046992
0        1250       1137  0.028996                 11             0.049031
0        1500       1365  0.021442                 10             0.049031
0        1750       1592  0.020805                  9             0.049031
0        2000       1820  0.021239                 10             0.049031