
----------------------------------------2023/07/30-07:01:13----------------------------------------

----------------------Training results for cv_fold_idx: 0----------------------
overlap: 0.89
  window_size step_width  Mean_EER median_n_neighbors median_contamination
0         125         13  0.159859                 12             0.049031
0         250         27     0.111                 14             0.049031
0         500         54  0.070409                 13             0.046992
0         750         82  0.061656                 10             0.053108
0        1000        109  0.055721                 10             0.051069
0        1250        137  0.049927                 13             0.049031
0        1500        164  0.045113                 12             0.046992
0        1750        192  0.044594                 13             0.049031
0        2000        219  0.041833                 13             0.049031
----------------------Training results for cv_fold_idx: 1----------------------
overlap: 0.89
  window_size step_width  Mean_EER median_n_neighbors median_contamination
0         125         13  0.157683                 12             0.049031
0         250         27  0.110051                 12             0.046992
0         500         54  0.072497                 14             0.049031
0         750         82   0.06425                 13             0.049031
0        1000        109  0.061213                 11             0.049031
0        1250        137  0.059002                 11             0.049031
0        1500        164  0.054246                 11             0.049031
0        1750        192   0.05598                 11             0.049031
0        2000        219  0.053206                 12             0.049031
----------------------Training results for cv_fold_idx: 2----------------------
overlap: 0.89
  window_size step_width  Mean_EER median_n_neighbors median_contamination
0         125         13  0.144098                 14             0.051069
0         250         27  0.091109                 14             0.049031
0         500         54  0.055729                 13             0.049031
0         750         82   0.04177                 13             0.049031
0        1000        109  0.031457                 11             0.049031
0        1250        137  0.026689                 12             0.049031
0        1500        164  0.022434                 11             0.049031
0        1750        192  0.020338                 12             0.049031
0        2000        219  0.018619                 13             0.049031