
----------------------------------------2023/07/30-07:01:13----------------------------------------

----------------------Training results for cv_fold_idx: 0----------------------
overlap: 0.77
  window_size step_width  Mean_EER median_n_neighbors median_contamination
0         125         28  0.162696                  9             0.049031
0         250         57  0.111067                 10             0.049031
0         500        114   0.06867                 11             0.049031
0         750        172  0.056646                 11             0.049031
0        1000        229  0.049985                  9             0.049031
0        1250        287  0.045156                 10             0.046992
0        1500        345  0.040974                 12             0.049031
0        1750        402  0.040954                 13             0.046992
0        2000        459  0.042293                 11             0.049031
----------------------Training results for cv_fold_idx: 1----------------------
overlap: 0.77
  window_size step_width  Mean_EER median_n_neighbors median_contamination
0         125         28  0.162368                  9             0.051069
0         250         57   0.10916                 11             0.049031
0         500        114  0.069722                 11             0.049031
0         750        172  0.060593                 12             0.049031
0        1000        229  0.055024                 10             0.051069
0        1250        287  0.051106                 11             0.049031
0        1500        345   0.05097                 11             0.049031
0        1750        402  0.051645                 11             0.049031
0        2000        459  0.052287                 11             0.049031
----------------------Training results for cv_fold_idx: 2----------------------
overlap: 0.77
  window_size step_width  Mean_EER median_n_neighbors median_contamination
0         125         28  0.145905                  7             0.055147
0         250         57  0.090487                 11             0.042914
0         500        114  0.053712                 10             0.049031
0         750        172  0.040341                 12             0.049031
0        1000        229  0.030336                 11             0.049031
0        1250        287   0.02585                 11             0.046992
0        1500        345  0.020853                 11             0.046992
0        1750        402  0.019036                 12             0.049031
0        2000        459  0.018136                 11             0.049031