
----------------------------------------2023/07/29-23:28:04----------------------------------------

----------------------Training results for cv_fold_idx: 0----------------------
overlap: 0.53
  window_size step_width  Mean_EER median_n_neighbors median_contamination
0         125         58  0.165376                  8             0.046992
0         250        117  0.108708                  7             0.051069
0         500        235  0.070036                  9             0.049031
0         750        352  0.058666                  9             0.051069
0        1000        470  0.048654                  9             0.049031
0        1250        587  0.043769                 11             0.049031
0        1500        705  0.038346                  8             0.049031
0        1750        822  0.035526                 11             0.049031
0        2000        940  0.040789                 11             0.049031
----------------------Training results for cv_fold_idx: 1----------------------
overlap: 0.53
  window_size step_width  Mean_EER median_n_neighbors median_contamination
0         125         58  0.160932                  7             0.051069
0         250        117  0.111221                  9             0.051069
0         500        235  0.072189                  8             0.049031
0         750        352  0.061978                  9             0.051069
0        1000        470  0.055416                  9             0.049031
0        1250        587   0.05209                 12             0.049031
0        1500        705   0.04718                 10             0.049031
0        1750        822  0.046272                 11             0.049031
0        2000        940  0.051378                 10             0.049031
----------------------Training results for cv_fold_idx: 2----------------------
overlap: 0.53
  window_size step_width  Mean_EER median_n_neighbors median_contamination
0         125         58  0.143393                  4             0.049031
0         250        117  0.091218                  8             0.051069
0         500        235  0.055821                  9             0.042914
0         750        352  0.044616                 11             0.049031
0        1000        470  0.030464                  8             0.051069
0        1250        587  0.025886                 11             0.049031
0        1500        705  0.020938                  9             0.049031
0        1750        822  0.018275                 11             0.049031
0        2000        940  0.016639                 11             0.049031