
----------------------------------------2023/07/30-07:01:13----------------------------------------

----------------------Training results for cv_fold_idx: 0----------------------
overlap: 0.85
  window_size step_width  Mean_EER median_n_neighbors median_contamination
0         125         18  0.161765                 10             0.051069
0         250         37  0.111678                 12             0.051069
0         500         75  0.068378                 12             0.051069
0         750        112   0.05663                 11             0.042914
0        1000        150  0.053348                 12             0.049031
0        1250        187  0.047269                 11             0.049031
0        1500        225  0.042377                 12             0.049031
0        1750        262  0.040896                 12             0.049031
0        2000        300  0.039576                 13             0.049031
----------------------Training results for cv_fold_idx: 1----------------------
overlap: 0.85
  window_size step_width  Mean_EER median_n_neighbors median_contamination
0         125         18   0.15788                 11             0.051069
0         250         37  0.111802                 12             0.049031
0         500         75  0.069674                 15             0.051069
0         750        112  0.064386                 12             0.044953
0        1000        150  0.061194                 11             0.049031
0        1250        187  0.057026                 11             0.049031
0        1500        225  0.050091                 12             0.049031
0        1750        262  0.051565                 10             0.049031
0        2000        300  0.050123                 10             0.049031
----------------------Training results for cv_fold_idx: 2----------------------
overlap: 0.85
  window_size step_width  Mean_EER median_n_neighbors median_contamination
0         125         18  0.145241                 13             0.052089
0         250         37   0.09026                 14              0.05005
0         500         75   0.05395                 12             0.051069
0         750        112  0.040112                 12             0.044953
0        1000        150  0.033364                 10             0.051069
0        1250        187   0.02535                 12             0.049031
0        1500        225  0.020838                 12             0.049031
0        1750        262  0.018868                 12             0.049031
0        2000        300  0.016699                 12             0.049031