
----------------------------------------2023/07/30-07:01:13----------------------------------------

----------------------Training results for cv_fold_idx: 0----------------------
overlap: 0.97
  window_size step_width  Mean_EER median_n_neighbors median_contamination
0         125          3  0.186748                 19             0.049031
0         250          7  0.127049                 19             0.049031
0         500         15  0.082434                 17             0.049031
0         750         22  0.079947                 14             0.049031
0        1000         30   0.07484                 12             0.048011
0        1250         37  0.065735                 12             0.049031
0        1500         45  0.060836                 13             0.049031
0        1750         52  0.057462                 12             0.046992
0        2000         60  0.059999                 14             0.051069
----------------------Training results for cv_fold_idx: 1----------------------
overlap: 0.97
  window_size step_width  Mean_EER median_n_neighbors median_contamination
0         125          3  0.181918                 19             0.049031
0         250          7  0.129278                 17             0.049031
0         500         15  0.083677                 16             0.049031
0         750         22  0.078966                 13             0.049031
0        1000         30  0.072268                 14             0.049031
0        1250         37  0.069476                 13             0.049031
0        1500         45  0.066444                 12             0.049031
0        1750         52  0.067219                 12             0.049031
0        2000         60  0.067433                 11             0.049031
----------------------Training results for cv_fold_idx: 2----------------------
overlap: 0.97
  window_size step_width  Mean_EER median_n_neighbors median_contamination
0         125          3  0.160195                 19             0.049031
0         250          7   0.10366                 19             0.049031
0         500         15  0.063593                 19             0.055147
0         750         22  0.061464                 13             0.049031
0        1000         30   0.04791                 14             0.049031
0        1250         37  0.036903                 14             0.049031
0        1500         45  0.026579                 14             0.049031
0        1750         52  0.024637                 13             0.044953
0        2000         60  0.024688                 12             0.049031