
----------------------------------------2023/07/29-23:28:04----------------------------------------

----------------------Training results for cv_fold_idx: 0----------------------
overlap: 0.45
  window_size step_width  Mean_EER median_n_neighbors median_contamination
0         125         68  0.168382                  8             0.051069
0         250        137  0.110803                  6             0.045972
0         500        275  0.068474                  9             0.049031
0         750        412  0.056316                  9             0.046992
0        1000        550  0.045839                 10             0.051069
0        1250        687  0.042287                 12             0.049031
0        1500        825    0.0358                 11             0.049031
0        1750        962  0.039098                 11             0.049031
0        2000       1100  0.033699                 10             0.049031
----------------------Training results for cv_fold_idx: 1----------------------
overlap: 0.45
  window_size step_width  Mean_EER median_n_neighbors median_contamination
0         125         68  0.165558                  8             0.051069
0         250        137  0.106137                  8             0.049031
0         500        275  0.067281                  9             0.046992
0         750        412  0.056816                  8             0.046992
0        1000        550  0.053165                 11             0.049031
0        1250        687  0.049183                 10             0.049031
0        1500        825  0.048575                  9             0.049031
0        1750        962  0.049311                  9             0.049031
0        2000       1100  0.044737                 11             0.049031
----------------------Training results for cv_fold_idx: 2----------------------
overlap: 0.45
  window_size step_width  Mean_EER median_n_neighbors median_contamination
0         125         68  0.150047                  8             0.040876
0         250        137  0.094164                  8             0.045972
0         500        275  0.051345                 11             0.044953
0         750        412  0.037924                 10             0.044953
0        1000        550  0.030109                 12             0.046992
0        1250        687  0.023745                 11             0.046992
0        1500        825  0.022173                 11             0.049031
0        1750        962  0.019145                 11             0.049031
0        2000       1100  0.016569                 10             0.049031