
----------------------------------------2023/07/29-23:28:04----------------------------------------

----------------------Training results for cv_fold_idx: 0----------------------
overlap: 0.21
  window_size step_width  Mean_EER median_n_neighbors median_contamination
0         125         98  0.169909                  7             0.051069
0         250        197  0.114784                  7             0.045972
0         500        395  0.065739                  9             0.048011
0         750        592  0.052368                 10             0.049031
0        1000        790  0.052986                 10             0.049031
0        1250        987  0.049185                  8             0.049031
0        1500       1185   0.03483                 10             0.049031
0        1750       1382  0.039474                 10             0.046992
0        2000       1580  0.037045                 11             0.049031
----------------------Training results for cv_fold_idx: 1----------------------
overlap: 0.21
  window_size step_width  Mean_EER median_n_neighbors median_contamination
0         125         98  0.176758                  7             0.051069
0         250        197  0.109707                  7             0.046992
0         500        395  0.069332                  9             0.049031
0         750        592  0.058647                  7             0.048011
0        1000        790  0.059413                 10             0.049031
0        1250        987  0.054323                  9             0.049031
0        1500       1185  0.049226                  9             0.049031
0        1750       1382  0.051316                 11             0.049031
0        2000       1580  0.046862                 11             0.049031
----------------------Training results for cv_fold_idx: 2----------------------
overlap: 0.21
  window_size step_width  Mean_EER median_n_neighbors median_contamination
0         125         98  0.158742                  7             0.044953
0         250        197  0.096257                  7             0.054128
0         500        395  0.054712                 11             0.046992
0         750        592  0.037886                  8             0.049031
0        1000        790  0.031714                  8             0.051069
0        1250        987  0.026037                 10             0.049031
0        1500       1185  0.023134                  9             0.046992
0        1750       1382  0.021721                 11             0.049031
0        2000       1580  0.017656                  9             0.049031