
----------------------------------------2023/07/29-23:28:04----------------------------------------

----------------------Training results for cv_fold_idx: 0----------------------
overlap: 0.33
  window_size step_width  Mean_EER median_n_neighbors median_contamination
0         125         83  0.168959                  7             0.049031
0         250        167  0.115516                  8             0.053108
0         500        334  0.071222                  7             0.046992
0         750        502  0.055809                 10             0.049031
0        1000        669  0.045789                 11             0.044953
0        1250        837  0.041996                 10             0.049031
0        1500       1004  0.039145                 11             0.049031
0        1750       1172  0.035526                 11             0.049031
0        2000       1339  0.038596                 11             0.049031
----------------------Training results for cv_fold_idx: 1----------------------
overlap: 0.33
  window_size step_width  Mean_EER median_n_neighbors median_contamination
0         125         83  0.167737                  7             0.049031
0         250        167  0.110316                  7             0.051069
0         500        334  0.072602                  7             0.044953
0         750        502  0.060558                 10             0.049031
0        1000        669  0.053684                 11             0.049031
0        1250        837  0.048794                 10             0.049031
0        1500       1004  0.049934                 11             0.046992
0        1750       1172  0.047136                 11             0.049031
0        2000       1339  0.052105                 11             0.049031
----------------------Training results for cv_fold_idx: 2----------------------
overlap: 0.33
  window_size step_width  Mean_EER median_n_neighbors median_contamination
0         125         83  0.157123                  7             0.042914
0         250        167  0.095567                  6             0.055147
0         500        334  0.053504                  7             0.046992
0         750        502  0.040508                  8             0.051069
0        1000        669  0.033138                 11             0.048011
0        1250        837  0.024793                  9             0.049031
0        1500       1004  0.022515                 11             0.049031
0        1750       1172  0.019694                 11             0.049031
0        2000       1339  0.016082                 11             0.049031