
----------------------------------------2023/07/30-07:01:13----------------------------------------

----------------------Training results for cv_fold_idx: 0----------------------
overlap: 0.65
  window_size step_width  Mean_EER median_n_neighbors median_contamination
0         125         43  0.163935                  7             0.055147
0         250         87  0.110031                 11             0.049031
0         500        175  0.068722                 10             0.049031
0         750        262  0.054993                 11             0.051069
0        1000        350  0.048798                  8             0.046992
0        1250        437  0.043221                 10             0.049031
0        1500        525  0.037327                  9             0.049031
0        1750        612  0.036801                 11             0.049031
0        2000        700  0.038017                 11             0.049031
----------------------Training results for cv_fold_idx: 1----------------------
overlap: 0.65
  window_size step_width  Mean_EER median_n_neighbors median_contamination
0         125         43  0.164563                  7             0.053108
0         250         87  0.110686                 10             0.045972
0         500        175  0.068499                 12             0.049031
0         750        262  0.060206                  9             0.049031
0        1000        350   0.05515                 11             0.049031
0        1250        437  0.048598                 11             0.049031
0        1500        525  0.046087                 11             0.049031
0        1750        612  0.046875                 11             0.049031
0        2000        700  0.048919                 11             0.049031
----------------------Training results for cv_fold_idx: 2----------------------
overlap: 0.65
  window_size step_width  Mean_EER median_n_neighbors median_contamination
0         125         43  0.148004                  6             0.051069
0         250         87  0.089603                  8             0.049031
0         500        175   0.05314                 11             0.051069
0         750        262  0.040655                  7             0.049031
0        1000        350  0.032113                  9             0.051069
0        1250        437  0.023106                 11             0.049031
0        1500        525  0.019429                 11             0.046992
0        1750        612  0.016584                 11             0.049031
0        2000        700  0.018014                 12             0.049031