
----------------------------------------2023/07/29-23:28:04----------------------------------------

----------------------Training results for cv_fold_idx: 0----------------------
overlap: 0.01
  window_size step_width  Mean_EER median_n_neighbors median_contamination
0         125        123  0.166703                  7             0.044953
0         250        247  0.112353                  8             0.049031
0         500        495   0.07619                  9             0.049031
0         750        742  0.056955                  8             0.044953
0        1000        990  0.049373                  8             0.049031
0        1250       1237  0.044901                 12             0.049031
0        1500       1485  0.037218                 12             0.049031
0        1750       1732  0.050548                 11             0.049031
0        2000       1980  0.041053                 11             0.049031
----------------------Training results for cv_fold_idx: 1----------------------
overlap: 0.01
  window_size step_width  Mean_EER median_n_neighbors median_contamination
0         125        123  0.165418                  7             0.049031
0         250        247  0.114551                  8             0.049031
0         500        495  0.074185                  7             0.049031
0         750        742   0.05813                 10              0.05005
0        1000        990  0.057644                 11             0.049031
0        1250       1237  0.052303                  9             0.049031
0        1500       1485      0.05                 11             0.049031
0        1750       1732  0.053618                  9             0.049031
0        2000       1980  0.053763                 10             0.049031
----------------------Training results for cv_fold_idx: 2----------------------
overlap: 0.01
  window_size step_width  Mean_EER median_n_neighbors median_contamination
0         125        123  0.147033                  4             0.051069
0         250        247  0.091675                  5             0.046992
0         500        495  0.058166                  9             0.044953
0         750        742  0.035088                 10             0.046992
0        1000        990  0.032721                  9             0.049031
0        1250       1237  0.026133                 10             0.049031
0        1500       1485  0.025898                  9             0.049031
0        1750       1732  0.025097                  9             0.049031
0        2000       1980  0.024561                  9             0.049031