
----------------------------------------2023/07/29-23:28:04----------------------------------------

----------------------Training results for cv_fold_idx: 0----------------------
overlap: 0.25
  window_size step_width  Mean_EER median_n_neighbors median_contamination
0         125         93  0.166819                  7             0.042914
0         250        187  0.118409                  8             0.051069
0         500        375  0.072584                  8             0.046992
0         750        562  0.053521                 11             0.046992
0        1000        750  0.048782                  9             0.049031
0        1250        937  0.040191                  8             0.051069
0        1500       1125  0.035819                 10             0.049031
0        1750       1312  0.040351                 11             0.049031
0        2000       1500  0.040587                 11             0.049031
----------------------Training results for cv_fold_idx: 1----------------------
overlap: 0.25
  window_size step_width  Mean_EER median_n_neighbors median_contamination
0         125         93  0.164959                  7             0.044953
0         250        187  0.113952                  9             0.049031
0         500        375  0.068278                  8             0.049031
0         750        562  0.059495                 11             0.049031
0        1000        750  0.056676                  9             0.049031
0        1250        937  0.049342                 10             0.049031
0        1500       1125  0.049561                 10             0.049031
0        1750       1312  0.052018                 11             0.049031
0        2000       1500  0.055972                 10             0.049031
----------------------Training results for cv_fold_idx: 2----------------------
overlap: 0.25
  window_size step_width  Mean_EER median_n_neighbors median_contamination
0         125         93  0.144743                  4             0.045972
0         250        187   0.09877                  9             0.053108
0         500        375  0.057363                  9             0.051069
0         750        562  0.038604                  9             0.049031
0        1000        750  0.033951                 11             0.049031
0        1250        937  0.024721                 11             0.049031
0        1500       1125  0.022661                 10             0.049031
0        1750       1312  0.022222                  9             0.049031
0        2000       1500  0.023054                 11             0.049031