
----------------------------------------2023/07/30-07:01:13----------------------------------------

----------------------Training results for cv_fold_idx: 0----------------------
overlap: 0.61
  window_size step_width  Mean_EER median_n_neighbors median_contamination
0         125         48  0.168203                  8             0.051069
0         250         97  0.106708                  8             0.049031
0         500        195  0.065802                 10             0.043934
0         750        292  0.055639                 12             0.049031
0        1000        390  0.047976                 11             0.049031
0        1250        487   0.04249                 10             0.044953
0        1500        585  0.038429                 11             0.049031
0        1750        682  0.042877                 11             0.049031
0        2000        780  0.041316                 11             0.049031
----------------------Training results for cv_fold_idx: 1----------------------
overlap: 0.61
  window_size step_width  Mean_EER median_n_neighbors median_contamination
0         125         48  0.164383                  9             0.051069
0         250         97  0.106321                  9             0.049031
0         500        195  0.068657                 11             0.049031
0         750        292  0.064079                 11             0.049031
0        1000        390    0.0542                  9             0.051069
0        1250        487  0.050128                  9             0.049031
0        1500        585  0.048878                 10             0.049031
0        1750        682  0.055082                 11             0.049031
0        2000        780  0.052316                 11             0.049031
----------------------Training results for cv_fold_idx: 2----------------------
overlap: 0.61
  window_size step_width  Mean_EER median_n_neighbors median_contamination
0         125         48  0.148558                  7             0.046992
0         250         97  0.088628                  7             0.051069
0         500        195  0.050687                 11             0.049031
0         750        292  0.038033                 10             0.053108
0        1000        390  0.030899                  9             0.051069
0        1250        487   0.02521                 10             0.049031
0        1500        585  0.020984                 12             0.049031
0        1750        682  0.018502                 11             0.049031
0        2000        780   0.01883                 10             0.049031