
----------------------------------------2023/07/30-07:01:13----------------------------------------

----------------------Training results for cv_fold_idx: 0----------------------
overlap: 0.93
  window_size step_width  Mean_EER median_n_neighbors median_contamination
0         125          8  0.160556                 15             0.049031
0         250         17  0.113456                 15             0.049031
0         500         34  0.074843                 14             0.043934
0         750         52  0.062284                 13             0.049031
0        1000         69  0.056974                 13             0.044953
0        1250         87  0.057087                 14             0.049031
0        1500        104  0.047403                 15             0.049031
0        1750        122  0.045794                 14             0.049031
0        2000        139  0.046859                 14             0.049031
----------------------Training results for cv_fold_idx: 1----------------------
overlap: 0.93
  window_size step_width  Mean_EER median_n_neighbors median_contamination
0         125          8  0.160917                 14             0.046992
0         250         17  0.113275                 15             0.046992
0         500         34  0.077734                 12             0.049031
0         750         52  0.068182                 13             0.049031
0        1000         69  0.062182                 12             0.049031
0        1250         87  0.066742                 12             0.049031
0        1500        104  0.060113                 12             0.049031
0        1750        122  0.056729                 11             0.049031
0        2000        139  0.057405                 11             0.049031
----------------------Training results for cv_fold_idx: 2----------------------
overlap: 0.93
  window_size step_width  Mean_EER median_n_neighbors median_contamination
0         125          8   0.14297                 16             0.049031
0         250         17  0.092291                 18             0.049031
0         500         34  0.056142                 18             0.042914
0         750         52  0.043132                 15             0.049031
0        1000         69  0.036242                 13             0.046992
0        1250         87  0.026893                 14             0.046992
0        1500        104  0.023151                 12             0.049031
0        1750        122  0.022883                 13             0.049031
0        2000        139  0.019347                 11             0.049031