
----------------------------------------2023/07/30-07:01:13----------------------------------------

----------------------Training results for cv_fold_idx: 0----------------------
overlap: 0.6900000000000001
  window_size step_width  Mean_EER median_n_neighbors median_contamination
0         125         38  0.164629                  8             0.055147
0         250         77  0.106993                 11             0.049031
0         500        154  0.068549                 11             0.049031
0         750        232  0.055248                 11             0.046992
0        1000        309  0.046134                 11             0.046992
0        1250        387   0.04294                 11             0.046992
0        1500        464  0.037393                 10             0.044953
0        1750        542  0.041923                 12             0.049031
0        2000        619  0.039346                 11             0.049031
----------------------Training results for cv_fold_idx: 1----------------------
overlap: 0.6900000000000001
  window_size step_width  Mean_EER median_n_neighbors median_contamination
0         125         38  0.163373                  8             0.051069
0         250         77  0.103884                  9             0.051069
0         500        154   0.06954                  9             0.049031
0         750        232  0.059749                 11             0.049031
0        1000        309   0.05583                  9             0.049031
0        1250        387  0.051189                 10             0.049031
0        1500        464  0.050826                 11             0.049031
0        1750        542  0.048063                 11             0.049031
0        2000        619  0.049151                 10             0.049031
----------------------Training results for cv_fold_idx: 2----------------------
overlap: 0.6900000000000001
  window_size step_width  Mean_EER median_n_neighbors median_contamination
0         125         38  0.144075                  6             0.040876
0         250         77  0.087708                  9             0.051069
0         500        154  0.052032                  9             0.049031
0         750        232  0.036899                 10             0.049031
0        1000        309  0.031669                  9             0.049031
0        1250        387  0.024966                  9             0.051069
0        1500        464  0.021964                 11             0.049031
0        1750        542   0.01661                 11             0.049031
0        2000        619  0.015752                 11             0.049031