
----------------------------------------2023/07/29-23:28:04----------------------------------------

----------------------Training results for cv_fold_idx: 0----------------------
overlap: 0.29
  window_size step_width  Mean_EER median_n_neighbors median_contamination
0         125         88  0.170776                  8             0.049031
0         250        177  0.108207                  7             0.044953
0         500        355  0.067105                  8             0.044953
0         750        532  0.053441                 10             0.049031
0        1000        710  0.053584                  8             0.046992
0        1250        887  0.044908                  8             0.049031
0        1500       1065  0.042521                  9             0.049031
0        1750       1242  0.035033                 10             0.049031
0        2000       1420  0.041447                 12             0.049031
----------------------Training results for cv_fold_idx: 1----------------------
overlap: 0.29
  window_size step_width  Mean_EER median_n_neighbors median_contamination
0         125         88  0.170185                  9             0.049031
0         250        177  0.111262                  9             0.051069
0         500        355  0.068966                  9             0.046992
0         750        532   0.05695                 11             0.049031
0        1000        710  0.058031                 11             0.046992
0        1250        887  0.049886                  9             0.049031
0        1500       1065  0.054155                  9             0.049031
0        1750       1242  0.046464                 10             0.049031
0        2000       1420  0.048214                 11             0.049031
----------------------Training results for cv_fold_idx: 2----------------------
overlap: 0.29
  window_size step_width  Mean_EER median_n_neighbors median_contamination
0         125         88  0.157268                  6             0.042914
0         250        177  0.092626                  8             0.046992
0         500        355  0.057799                  9             0.046992
0         750        532  0.039886                  8             0.049031
0        1000        710  0.031055                 10             0.044953
0        1250        887  0.024472                 11             0.049031
0        1500       1065  0.023469                  9             0.049031
0        1750       1242   0.01864                 10             0.049031
0        2000       1420  0.018379                 10             0.049031