
----------------------------------------2023/07/29-23:28:04----------------------------------------

----------------------Training results for cv_fold_idx: 0----------------------
overlap: 0.05
  window_size step_width  Mean_EER median_n_neighbors median_contamination
0         125        118  0.164964                  8             0.044953
0         250        237  0.109584                  8             0.049031
0         500        475  0.070365                  9             0.049031
0         750        712  0.059437                  8             0.051069
0        1000        950   0.05299                 12             0.049031
0        1250       1187  0.042105                 10             0.049031
0        1500       1425   0.04812                 11             0.049031
0        1750       1662  0.044846                 11             0.049031
0        2000       1900     0.045                 11             0.049031
----------------------Training results for cv_fold_idx: 1----------------------
overlap: 0.05
  window_size step_width  Mean_EER median_n_neighbors median_contamination
0         125        118  0.166674                  8             0.046992
0         250        237  0.110556                  8             0.044953
0         500        475  0.071681                  7             0.051069
0         750        712  0.060662                  9             0.049031
0        1000        950  0.057656                  9             0.049031
0        1250       1187  0.053328                  9             0.049031
0        1500       1425  0.058271                  9             0.049031
0        1750       1662   0.05318                 11             0.049031
0        2000       1900  0.052632                  9             0.049031
----------------------Training results for cv_fold_idx: 2----------------------
overlap: 0.05
  window_size step_width  Mean_EER median_n_neighbors median_contamination
0         125        118  0.147966                  6             0.042914
0         250        237  0.089663                  5             0.053108
0         500        475  0.056719                  9             0.049031
0         750        712  0.043305                  8             0.049031
0        1000        950  0.029306                 11             0.049031
0        1250       1187  0.027434                 10             0.049031
0        1500       1425  0.022974                  9             0.049031
0        1750       1662   0.02595                 11             0.049031
0        2000       1900  0.023206                 10             0.049031