
----------------------------------------2023/06/15-16:50:45----------------------------------------

----------------------------------------final_experiments_results/WACA-kNN/Butter+SMA_Mean_EER_Realworld-per_unknown_window_df_train_dict.txt----------------------------------------

----------------------
\cut_off_freq, winsize: (38, 45)
  window_size step_width  Mean_EER best_n_neighbors
0         125         62   0.34612                1
0         250        125  0.308837               10
0         500        250  0.270545               19
0         750        375   0.24099               18
0        1000        500  0.232588               19
0        1250        625  0.206722               19
0        1500        750  0.198526               19
0        1750        875  0.172989               19
0        2000       1000   0.17324               19
----------------------
\cut_off_freq, winsize: (7, 35)
  window_size step_width  Mean_EER best_n_neighbors
0         125         62  0.312392                3
0         250        125  0.264353                1
0         500        250  0.227116               19
0         750        375  0.193353               19
0        1000        500  0.179832               19
0        1250        625  0.148943               19
0        1500        750  0.159886               19
0        1750        875  0.133043               19
0        2000       1000   0.12464               19
----------------------
\cut_off_freq, winsize: (43, 34)
  window_size step_width  Mean_EER best_n_neighbors
0         125         62  0.317583                3
0         250        125  0.272914                2
0         500        250  0.229232               19
0         750        375  0.203059               19
0        1000        500  0.180482               19
0        1250        625  0.153934               19
0        1500        750  0.155423               19
0        1750        875  0.134015               19
0        2000       1000  0.126661               19
----------------------
\cut_off_freq, winsize: (17, 25)
  window_size step_width  Mean_EER best_n_neighbors
0         125         62  0.286577                1
0         250        125  0.232288                5
0         500        250  0.188278               19
0         750        375  0.162761               19
0        1000        500  0.149169               19
0        1250        625  0.126935               19
0        1500        750  0.129652               19
0        1750        875  0.111937               19
0        2000       1000  0.101202               19
----------------------
\cut_off_freq, winsize: (26, 2)
  window_size step_width  Mean_EER best_n_neighbors
0         125         62  0.195877                2
0         250        125  0.145762               18
0         500        250  0.110315               19
0         750        375  0.100316               18
0        1000        500  0.111494               17
0        1250        625  0.114443               19
0        1500        750  0.129553               19
0        1750        875    0.0994               19
0        2000       1000  0.102122               19
----------------------
\cut_off_freq, winsize: (9, 9)
  window_size step_width  Mean_EER best_n_neighbors
0         125         62  0.216071                2
0         250        125  0.166722               15
0         500        250  0.126146               19
0         750        375  0.108721               19
0        1000        500  0.107609               19
0        1250        625  0.095047               17
0        1500        750  0.108388               19
0        1750        875  0.097109               19
0        2000       1000  0.097528               19
----------------------
\cut_off_freq, winsize: (5, 15)
  window_size step_width  Mean_EER best_n_neighbors
0         125         62   0.24968                1
0         250        125  0.191692                4
0         500        250  0.146125               19
0         750        375   0.12706               19
0        1000        500  0.114861               18
0        1250        625   0.10557               18
0        1500        750  0.116107               19
0        1750        875  0.104261               19
0        2000       1000  0.095204               19
----------------------
\cut_off_freq, winsize: (49, 19)
  window_size step_width  Mean_EER best_n_neighbors
0         125         62  0.263921                1
0         250        125  0.208391                4
0         500        250  0.166672               19
0         750        375  0.142854               19
0        1000        500  0.121008               19
0        1250        625  0.122169               19
0        1500        750  0.119763               19
0        1750        875   0.10819               19
0        2000       1000   0.09599               19
----------------------
\cut_off_freq, winsize: (37, 16)
  window_size step_width  Mean_EER best_n_neighbors
0         125         62  0.249282                1
0         250        125   0.19574                2
0         500        250  0.152636               19
0         750        375  0.135746               19
0        1000        500   0.11562               19
0        1250        625  0.110861               19
0        1500        750  0.118243               19
0        1750        875  0.104667               19
0        2000       1000  0.094718               19
----------------------
\cut_off_freq, winsize: (34, 46)
  window_size step_width  Mean_EER best_n_neighbors
0         125         62  0.347513                1
0         250        125  0.311778                5
0         500        250  0.273094               17
0         750        375  0.244738               19
0        1000        500  0.235766               19
0        1250        625  0.214254               19
0        1500        750  0.203202               19
0        1750        875  0.177539               19
0        2000       1000  0.176714               19
----------------------
\cut_off_freq, winsize: (1, 43)
  window_size step_width  Mean_EER best_n_neighbors
0         125         62  0.410425                4
0         250        125  0.366916               11
0         500        250  0.338474               19
0         750        375  0.309884               19
0        1000        500  0.310252               19
0        1250        625  0.283071               19
0        1500        750  0.280918               19
0        1750        875  0.268491               18
0        2000       1000  0.269027               19
----------------------
\cut_off_freq, winsize: (24, 25)
  window_size step_width  Mean_EER best_n_neighbors
0         125         62  0.287729                1
0         250        125  0.234097                3
0         500        250  0.190268               19
0         750        375  0.165666               19
0        1000        500   0.14955               19
0        1250        625  0.127102               19
0        1500        750  0.130049               19
0        1750        875  0.109682               19
0        2000       1000  0.102845               19
----------------------
\cut_off_freq, winsize: (8, 48)
  window_size step_width  Mean_EER best_n_neighbors
0         125         62  0.344646                1
0         250        125   0.30954               12
0         500        250  0.269563               19
0         750        375   0.23869               19
0        1000        500   0.23113               19
0        1250        625  0.206714               19
0        1500        750  0.199814               19
0        1750        875  0.172305               19
0        2000       1000  0.174407               19
----------------------

Sorting based on Mean EER among windows
1) ((26, 2), 0.1232534843549386)
2) ((9, 9), 0.12481570869187575)
3) ((5, 15), 0.13895134643387191)
4) ((37, 16), 0.1419459040498633)
5) ((49, 19), 0.14988406987982172)
6) ((17, 25), 0.16542211760664813)
7) ((24, 25), 0.16633199485493186)
8) ((7, 35), 0.19372880202080148)
9) ((43, 34), 0.19703368351123163)
10) ((8, 48), 0.23853433137901733)
11) ((38, 45), 0.23895089983707235)
12) ((34, 46), 0.24273336781635863)
13) ((1, 43), 0.3152731328390029)
