
----------------------------------------2023/06/07-07:36:54----------------------------------------

----------------------------------------final_experiments_results/WACA-kNN/Butter+EMA_Mean_EER_Naive_df_train_dict.txt----------------------------------------

----------------------
\cut_off_freq, span: (12, 35)
  window_size step_width  Mean_EER best_n_neighbors
0         125         62  0.175144                1
0         250        125  0.138833                3
0         500        250  0.113843                8
0         750        375  0.104626               18
0        1000        500  0.100587               19
0        1250        625  0.096618               19
0        1500        750  0.100082               19
0        1750        875  0.101441               19
0        2000       1000  0.085818               19
----------------------
\cut_off_freq, span: (20, 43)
  window_size step_width  Mean_EER best_n_neighbors
0         125         62  0.169241                1
0         250        125  0.137066                2
0         500        250  0.110728                7
0         750        375  0.102799               16
0        1000        500  0.101529               18
0        1250        625  0.095705               19
0        1500        750  0.101822               19
0        1750        875  0.112449               19
0        2000       1000  0.092082               19
----------------------
\cut_off_freq, span: (29, 36)
  window_size step_width  Mean_EER best_n_neighbors
0         125         62  0.170927                1
0         250        125  0.138023                2
0         500        250  0.112353                8
0         750        375  0.102439               14
0        1000        500  0.099379               19
0        1250        625  0.094565               19
0        1500        750  0.098832               19
0        1750        875  0.112484               19
0        2000       1000  0.088705               19
----------------------
\cut_off_freq, span: (17, 3)
  window_size step_width  Mean_EER best_n_neighbors
0         125         62  0.198841                2
0         250        125  0.152035               14
0         500        250  0.112352               19
0         750        375   0.10234               19
0        1000        500  0.111099               19
0        1250        625  0.118371               14
0        1500        750  0.135104               19
0        1750        875  0.115178               17
0        2000       1000  0.099429               19
----------------------
\cut_off_freq, span: (38, 45)
  window_size step_width  Mean_EER best_n_neighbors
0         125         62  0.164789                1
0         250        125  0.137872                2
0         500        250  0.111483               10
0         750        375  0.102398               19
0        1000        500  0.099323               18
0        1250        625  0.094228               18
0        1500        750  0.102783               19
0        1750        875  0.112278               19
0        2000       1000  0.092333               19
----------------------
\cut_off_freq, span: (29, 15)
  window_size step_width  Mean_EER best_n_neighbors
0         125         62  0.189956                2
0         250        125  0.151134                5
0         500        250  0.119973                8
0         750        375  0.105029               19
0        1000        500  0.104563               19
0        1250        625  0.098854               19
0        1500        750  0.101368               18
0        1750        875  0.092895               19
0        2000       1000  0.089099               19
----------------------
\cut_off_freq, span: (4, 43)
  window_size step_width  Mean_EER best_n_neighbors
0         125         62  0.176651                1
0         250        125  0.143853                3
0         500        250  0.121047                6
0         750        375  0.109824               19
0        1000        500  0.104801               19
0        1250        625  0.099123               19
0        1500        750  0.103569               19
0        1750        875  0.102459               19
0        2000       1000  0.097268               19
----------------------
\cut_off_freq, span: (29, 26)
  window_size step_width  Mean_EER best_n_neighbors
0         125         62  0.180632                1
0         250        125  0.141171                4
0         500        250  0.115066               13
0         750        375  0.101547               19
0        1000        500  0.102295               19
0        1250        625  0.094189               19
0        1500        750  0.102705               19
0        1750        875  0.099314               19
0        2000       1000  0.084373               19
----------------------
\cut_off_freq, span: (29, 37)
  window_size step_width  Mean_EER best_n_neighbors
0         125         62  0.170498                2
0         250        125  0.137707                2
0         500        250  0.112194               10
0         750        375  0.102057               18
0        1000        500  0.099741               12
0        1250        625  0.094795               18
0        1500        750  0.098803               19
0        1750        875  0.104583               14
0        2000       1000  0.089734               19
----------------------
\cut_off_freq, span: (38, 39)
  window_size step_width  Mean_EER best_n_neighbors
0         125         62  0.168623                1
0         250        125  0.138952                4
0         500        250  0.112441                9
0         750        375  0.102991               18
0        1000        500  0.099047               19
0        1250        625  0.094875               19
0        1500        750  0.098807               19
0        1750        875  0.108403               19
0        2000       1000  0.092215               19
----------------------
\cut_off_freq, span: (41, 30)
  window_size step_width  Mean_EER best_n_neighbors
0         125         62  0.176503                1
0         250        125  0.139861                4
0         500        250  0.113545               14
0         750        375  0.101375               18
0        1000        500  0.098419               19
0        1250        625  0.093366               19
0        1500        750  0.104206               19
0        1750        875   0.10774               17
0        2000       1000  0.087543               19
----------------------
\cut_off_freq, span: (42, 21)
  window_size step_width  Mean_EER best_n_neighbors
0         125         62  0.185416                2
0         250        125  0.144317                6
0         500        250  0.114659               15
0         750        375  0.102868               15
0        1000        500   0.10175               18
0        1250        625  0.101384               17
0        1500        750  0.102945               18
0        1750        875  0.098539               19
0        2000       1000  0.087726               19
----------------------
\cut_off_freq, span: (11, 32)
  window_size step_width  Mean_EER best_n_neighbors
0         125         62  0.178494                1
0         250        125  0.140296                2
0         500        250  0.114252                6
0         750        375  0.103942               19
0        1000        500  0.102335               19
0        1250        625  0.097356               19
0        1500        750  0.106301               19
0        1750        875  0.105768               19
0        2000       1000   0.08522               19
----------------------

Sorting based on Mean EER among windows
1) ((29, 37), 0.11223492096309319)
2) ((38, 39), 0.11292817506999486)
3) ((12, 35), 0.11299911549366154)
4) ((38, 45), 0.11305418038293663)
5) ((29, 36), 0.11307857175327223)
6) ((29, 26), 0.11347695028664975)
7) ((41, 30), 0.11361772564665068)
8) ((20, 43), 0.11371333336233475)
9) ((11, 32), 0.11488507216689609)
10) ((42, 21), 0.11551136660069614)
11) ((29, 15), 0.11698563391860205)
12) ((4, 43), 0.1176218137843922)
13) ((17, 3), 0.12719437350077756)
