
----------------------------------------2023/06/15-14:19:43----------------------------------------

----------------------------------------final_experiments_results/WACA-kNN/Butter+SMA_Mean_EER_Naive_df_train_dict.txt----------------------------------------

----------------------
\cut_off_freq, winsize: (38, 45)
  window_size step_width  Mean_EER best_n_neighbors
0         125         62  0.175214                1
0         250        125  0.147489                2
0         500        250  0.130167               13
0         750        375  0.114161               19
0        1000        500  0.111383               19
0        1250        625   0.10889               19
0        1500        750  0.113462               19
0        1750        875  0.107204               19
0        2000       1000  0.099932               19
----------------------
\cut_off_freq, winsize: (7, 35)
  window_size step_width  Mean_EER best_n_neighbors
0         125         62  0.186169                1
0         250        125  0.153079                3
0         500        250  0.130771               19
0         750        375  0.116196               19
0        1000        500    0.1076               19
0        1250        625  0.102836               19
0        1500        750  0.110494               19
0        1750        875  0.099984               19
0        2000       1000  0.093035               19
----------------------
\cut_off_freq, winsize: (43, 34)
  window_size step_width  Mean_EER best_n_neighbors
0         125         62  0.188231                1
0         250        125   0.15306                2
0         500        250  0.130526               18
0         750        375  0.119581               18
0        1000        500  0.106785               19
0        1250        625  0.102168               19
0        1500        750  0.105493               19
0        1750        875  0.099993               19
0        2000       1000  0.090472               19
----------------------
\cut_off_freq, winsize: (17, 25)
  window_size step_width  Mean_EER best_n_neighbors
0         125         62  0.198091                1
0         250        125  0.160636                3
0         500        250  0.132589               17
0         750        375  0.120029               19
0        1000        500  0.108211               19
0        1250        625  0.101259               19
0        1500        750  0.109321               19
0        1750        875  0.100405               19
0        2000       1000   0.08713               19
----------------------
\cut_off_freq, winsize: (26, 2)
  window_size step_width  Mean_EER best_n_neighbors
0         125         62  0.195055                1
0         250        125  0.145177               19
0         500        250  0.110412               19
0         750        375  0.100763               18
0        1000        500  0.111805               19
0        1250        625  0.114362               19
0        1500        750  0.127768               19
0        1750        875  0.099628               19
0        2000       1000  0.102614               19
----------------------
\cut_off_freq, winsize: (9, 9)
  window_size step_width  Mean_EER best_n_neighbors
0         125         62  0.201477                2
0         250        125  0.160224               15
0         500        250  0.125227               19
0         750        375  0.108567               19
0        1000        500  0.106349               19
0        1250        625  0.094548               17
0        1500        750  0.109002               19
0        1750        875  0.097258               19
0        2000       1000  0.099269               19
----------------------
\cut_off_freq, winsize: (5, 15)
  window_size step_width  Mean_EER best_n_neighbors
0         125         62  0.208836                1
0         250        125  0.166392                5
0         500        250  0.132252               19
0         750        375  0.117722               19
0        1000        500  0.107773               19
0        1250        625   0.10302               17
0        1500        750   0.11076               19
0        1750        875  0.099083               19
0        2000       1000   0.08886               19
----------------------
\cut_off_freq, winsize: (49, 19)
  window_size step_width  Mean_EER best_n_neighbors
0         125         62  0.201901                1
0         250        125  0.163023                4
0         500        250  0.134433               19
0         750        375   0.12028               19
0        1000        500  0.105798               18
0        1250        625  0.106922               19
0        1500        750  0.115164               19
0        1750        875   0.10326               19
0        2000       1000  0.089455               19
----------------------
\cut_off_freq, winsize: (37, 16)
  window_size step_width  Mean_EER best_n_neighbors
0         125         62  0.202176                1
0         250        125  0.164222                2
0         500        250  0.133443               19
0         750        375    0.1218               19
0        1000        500  0.107975               18
0        1250        625  0.099924               19
0        1500        750  0.111431               19
0        1750        875  0.101329               19
0        2000       1000  0.090697               19
----------------------
\cut_off_freq, winsize: (34, 46)
  window_size step_width  Mean_EER best_n_neighbors
0         125         62  0.175902                1
0         250        125  0.147416                2
0         500        250  0.130235               13
0         750        375  0.114356               19
0        1000        500  0.112843               19
0        1250        625  0.107514               19
0        1500        750  0.110885               19
0        1750        875  0.108292               19
0        2000       1000  0.099931               19
----------------------
\cut_off_freq, winsize: (1, 43)
  window_size step_width  Mean_EER best_n_neighbors
0         125         62  0.170381                2
0         250        125  0.152134                3
0         500        250  0.138744               16
0         750        375  0.133769               19
0        1000        500  0.132961               18
0        1250        625  0.122974               19
0        1500        750  0.117588               19
0        1750        875  0.121456               19
0        2000       1000  0.117659               19
----------------------
\cut_off_freq, winsize: (24, 25)
  window_size step_width  Mean_EER best_n_neighbors
0         125         62  0.197787                1
0         250        125  0.161051                3
0         500        250  0.132889               19
0         750        375  0.120198               19
0        1000        500  0.110741               19
0        1250        625  0.102717               19
0        1500        750  0.106243               19
0        1750        875  0.099071               19
0        2000       1000  0.086284               19
----------------------
\cut_off_freq, winsize: (8, 48)
  window_size step_width  Mean_EER best_n_neighbors
0         125         62  0.174012                1
0         250        125  0.148329                3
0         500        250  0.130682               17
0         750        375  0.115309               19
0        1000        500  0.110886               19
0        1250        625  0.105228               19
0        1500        750  0.106908               19
0        1750        875  0.107215               19
0        2000       1000  0.100427               19
----------------------

Sorting based on Mean EER among windows
1) ((43, 34), 0.1218120622275597)
2) ((8, 48), 0.12211052493837093)
3) ((7, 35), 0.12224047100854923)
4) ((9, 9), 0.12243580236742527)
5) ((34, 46), 0.12304152198228839)
6) ((26, 2), 0.12306498001081291)
7) ((38, 45), 0.12310034767647544)
8) ((24, 25), 0.12410914620700307)
9) ((17, 25), 0.12418557590927616)
10) ((37, 16), 0.12588834092199067)
11) ((5, 15), 0.12607748302656985)
12) ((49, 19), 0.1266928637414584)
13) ((1, 43), 0.13418522021628115)
