
----------------------------------------2023/06/06-19:40:46----------------------------------------

----------------------------------------final_experiments_results/WACA-kNN/Butterworth_Mean_EER_Naive_df_train_dict.txt----------------------------------------

----------------------
\cut_off_freq: 1
  window_size step_width  Mean_EER best_n_neighbors
0         125         62  0.174449                2
0         250        125  0.153399                3
0         500        250  0.141885               19
0         750        375  0.135821               19
0        1000        500  0.134061               19
0        1250        625  0.120155               19
0        1500        750  0.120425               19
0        1750        875   0.12328               17
0        2000       1000  0.118426               19
----------------------
\cut_off_freq: 5
  window_size step_width  Mean_EER best_n_neighbors
0         125         62  0.211167                2
0         250        125  0.166649               10
0         500        250  0.132809               18
0         750        375  0.112149               19
0        1000        500  0.108141               19
0        1250        625  0.100487               15
0        1500        750  0.105743               19
0        1750        875   0.09419               19
0        2000       1000  0.096198               19
----------------------
\cut_off_freq: 9
  window_size step_width  Mean_EER best_n_neighbors
0         125         62  0.205299                3
0         250        125  0.155844               18
0         500        250  0.124301               19
0         750        375  0.108156               19
0        1000        500  0.111259               19
0        1250        625  0.106866               17
0        1500        750  0.112343               19
0        1750        875  0.103768               19
0        2000       1000  0.101073               19
----------------------
\cut_off_freq: 13
  window_size step_width  Mean_EER best_n_neighbors
0         125         62  0.203253                6
0         250        125  0.154486               15
0         500        250  0.114277               19
0         750        375  0.105893               19
0        1000        500  0.113183               19
0        1250        625  0.117706               17
0        1500        750  0.142102               19
0        1750        875  0.117665               19
0        2000       1000   0.09938               19
----------------------
\cut_off_freq: 17
  window_size step_width  Mean_EER best_n_neighbors
0         125         62  0.198666                5
0         250        125  0.149284               19
0         500        250  0.110876               19
0         750        375  0.103123               17
0        1000        500  0.110938               19
0        1250        625  0.119045               19
0        1500        750  0.126555               19
0        1750        875  0.105192               19
0        2000       1000  0.098322               19
----------------------
\cut_off_freq: 21
  window_size step_width  Mean_EER best_n_neighbors
0         125         62  0.198311                4
0         250        125  0.148184               19
0         500        250  0.112424               18
0         750        375  0.104266               18
0        1000        500  0.109678               18
0        1250        625  0.122166               19
0        1500        750  0.134595               19
0        1750        875  0.105631               19
0        2000       1000  0.102304               19
----------------------
\cut_off_freq: 25
  window_size step_width  Mean_EER best_n_neighbors
0         125         62  0.196434                3
0         250        125  0.146175               19
0         500        250  0.111324               19
0         750        375  0.101257               17
0        1000        500  0.110174               18
0        1250        625  0.114482               19
0        1500        750  0.127238               19
0        1750        875  0.103235               19
0        2000       1000  0.098184               19
----------------------
\cut_off_freq: 29
  window_size step_width  Mean_EER best_n_neighbors
0         125         62   0.19609                3
0         250        125  0.145692               19
0         500        250  0.111484               19
0         750        375  0.103009               19
0        1000        500  0.114241               19
0        1250        625  0.115741               19
0        1500        750  0.127543               19
0        1750        875    0.0971               19
0        2000       1000  0.097603               19
----------------------
\cut_off_freq: 33
  window_size step_width  Mean_EER best_n_neighbors
0         125         62  0.194745                2
0         250        125  0.145507               17
0         500        250  0.112182               19
0         750        375  0.100995               17
0        1000        500  0.109596               18
0        1250        625   0.11027               19
0        1500        750  0.119891               19
0        1750        875  0.099294               19
0        2000       1000  0.100474               19
----------------------
\cut_off_freq: 37
  window_size step_width  Mean_EER best_n_neighbors
0         125         62  0.195765                4
0         250        125    0.1444               19
0         500        250  0.111587               19
0         750        375  0.099233               18
0        1000        500  0.110378               19
0        1250        625  0.111683               19
0        1500        750   0.12303               19
0        1750        875  0.096444               19
0        2000       1000  0.102345               19
----------------------
\cut_off_freq: 41
  window_size step_width  Mean_EER best_n_neighbors
0         125         62  0.194878                2
0         250        125  0.145025               18
0         500        250   0.11159               17
0         750        375  0.102149               16
0        1000        500  0.111876               19
0        1250        625  0.114747               19
0        1500        750  0.119679               19
0        1750        875  0.099156               18
0        2000       1000  0.097771               19
----------------------
\cut_off_freq: 45
  window_size step_width  Mean_EER best_n_neighbors
0         125         62  0.194478                2
0         250        125  0.144941               16
0         500        250  0.112093               19
0         750        375  0.100457               18
0        1000        500  0.113026               19
0        1250        625  0.116726               19
0        1500        750  0.121896               19
0        1750        875  0.100862               19
0        2000       1000  0.102846               19
----------------------
\cut_off_freq: 49
  window_size step_width  Mean_EER best_n_neighbors
0         125         62  0.193695                2
0         250        125  0.145461               19
0         500        250  0.112148               19
0         750        375  0.098923               19
0        1000        500  0.112794               19
0        1250        625  0.118455               19
0        1500        750  0.125569               18
0        1750        875  0.100602               19
0        2000       1000  0.101372               19
----------------------

Sorting based on Mean EER among windows
1) (33, 0.12143947533182477)
2) (37, 0.12165152699456251)
3) (41, 0.12187460430000681)
4) (45, 0.12303617581422678)
5) (25, 0.12316700799389446)
6) (29, 0.12316701394098994)
7) (49, 0.12322442190417661)
8) (17, 0.12466677520413685)
9) (5, 0.12528137527152589)
10) (9, 0.1254342703215662)
11) (21, 0.12639541624963438)
12) (13, 0.12977169188744603)
13) (1, 0.13576684246116233)
