
----------------------------------------2023/06/07-09:23:47----------------------------------------

----------------------------------------final_experiments_results/WACA-kNN/Butter+EMA_Mean_EER_Realworld-per_unknown_window_df_train_dict.txt----------------------------------------

----------------------
\cut_off_freq, span: (21, 30)
  window_size step_width  Mean_EER best_n_neighbors
0         125         62  0.277413                1
0         250        125  0.222913                5
0         500        250  0.181753               19
0         750        375  0.154051               19
0        1000        500  0.145343               19
0        1250        625  0.121283               19
0        1500        750  0.131722               19
0        1750        875  0.126052               19
0        2000       1000  0.108302               19
----------------------
\cut_off_freq, span: (23, 14)
  window_size step_width  Mean_EER best_n_neighbors
0         125         62  0.224986                1
0         250        125  0.176821                5
0         500        250  0.132179               19
0         750        375  0.112553               19
0        1000        500  0.112119               19
0        1250        625  0.102483               19
0        1500        750  0.108188               19
0        1750        875  0.097093               19
0        2000       1000  0.096848               19
----------------------
\cut_off_freq, span: (44, 43)
  window_size step_width  Mean_EER best_n_neighbors
0         125         62  0.311477                1
0         250        125   0.26724               12
0         500        250   0.23065               19
0         750        375  0.192364               19
0        1000        500  0.187095               19
0        1250        625  0.152256               19
0        1500        750  0.161075               19
0        1750        875  0.154007               19
0        2000       1000   0.14157               19
----------------------
\cut_off_freq, span: (37, 10)
  window_size step_width  Mean_EER best_n_neighbors
0         125         62  0.212559                1
0         250        125   0.16836               19
0         500        250  0.124158               19
0         750        375   0.10815               19
0        1000        500  0.103857               19
0        1250        625  0.102612               13
0        1500        750  0.108438               19
0        1750        875  0.094653               19
0        2000       1000  0.093747               19
----------------------
\cut_off_freq, span: (16, 42)
  window_size step_width  Mean_EER best_n_neighbors
0         125         62  0.309973                1
0         250        125  0.264874               10
0         500        250  0.227816               19
0         750        375  0.192628               19
0        1000        500  0.184685               19
0        1250        625  0.153809               19
0        1500        750  0.156538               18
0        1750        875   0.15443               19
0        2000       1000  0.137825               19
----------------------
\cut_off_freq, span: (39, 41)
  window_size step_width  Mean_EER best_n_neighbors
0         125         62  0.306106                2
0         250        125  0.260962                9
0         500        250  0.224644               19
0         750        375  0.187515               19
0        1000        500  0.178372               19
0        1250        625  0.151275               19
0        1500        750  0.154027               19
0        1750        875  0.153639               19
0        2000       1000   0.12934               19
----------------------
\cut_off_freq, span: (2, 38)
  window_size step_width  Mean_EER best_n_neighbors
0         125         62  0.348219                6
0         250        125  0.316549                4
0         500        250  0.273014               19
0         750        375    0.2465               19
0        1000        500  0.232031               19
0        1250        625  0.212742               19
0        1500        750  0.205502               19
0        1750        875  0.181943               19
0        2000       1000  0.184287               19
----------------------
\cut_off_freq, span: (16, 2)
  window_size step_width  Mean_EER best_n_neighbors
0         125         62  0.201075                5
0         250        125  0.151626               19
0         500        250  0.111989               19
0         750        375  0.102806               18
0        1000        500  0.109019               19
0        1250        625  0.117638               19
0        1500        750   0.12794               19
0        1750        875  0.109707               19
0        2000       1000  0.098712               19
----------------------
\cut_off_freq, span: (2, 21)
  window_size step_width  Mean_EER best_n_neighbors
0         125         62  0.324352                3
0         250        125   0.28303                9
0         500        250  0.231754               19
0         750        375  0.201093               19
0        1000        500  0.192089               19
0        1250        625  0.164808               19
0        1500        750  0.165045               19
0        1750        875  0.144039               19
0        2000       1000  0.143746               19
----------------------
\cut_off_freq, span: (20, 4)
  window_size step_width  Mean_EER best_n_neighbors
0         125         62  0.202474                2
0         250        125  0.156795               19
0         500        250  0.114539               19
0         750        375  0.102554               17
0        1000        500  0.111532               19
0        1250        625  0.112292               14
0        1500        750  0.126639               18
0        1750        875  0.111261               19
0        2000       1000  0.100383               19
----------------------
\cut_off_freq, span: (22, 6)
  window_size step_width  Mean_EER best_n_neighbors
0         125         62  0.204663                1
0         250        125  0.159977               16
0         500        250  0.118762               19
0         750        375  0.103142               19
0        1000        500  0.103706               19
0        1250        625  0.112732               19
0        1500        750  0.116214               19
0        1750        875  0.095925               17
0        2000       1000  0.094997               19
----------------------
\cut_off_freq, span: (6, 24)
  window_size step_width  Mean_EER best_n_neighbors
0         125         62  0.275227                1
0         250        125  0.219697                7
0         500        250  0.172873               19
0         750        375  0.147509               19
0        1000        500  0.137183               19
0        1250        625  0.119965               18
0        1500        750  0.133723               19
0        1750        875  0.115679               19
0        2000       1000  0.110647               19
----------------------
\cut_off_freq, span: (34, 23)
  window_size step_width  Mean_EER best_n_neighbors
0         125         62  0.253923                1
0         250        125  0.200602                9
0         500        250  0.151891               19
0         750        375  0.129375               19
0        1000        500  0.126866               19
0        1250        625  0.108836               19
0        1500        750  0.118838               19
0        1750        875  0.108931               19
0        2000       1000  0.096178               19
----------------------

Sorting based on Mean EER among windows
1) ((22, 6), 0.12334651869126875)
2) ((37, 10), 0.12405915021632866)
3) ((16, 2), 0.1256124042691365)
4) ((20, 4), 0.12649659944190889)
5) ((23, 14), 0.12925234277791342)
6) ((34, 23), 0.14393777482197284)
7) ((6, 24), 0.1591669604302067)
8) ((21, 30), 0.16320352262621926)
9) ((39, 41), 0.1939866463567534)
10) ((16, 42), 0.19806417524364256)
11) ((44, 43), 0.19974817044129767)
12) ((2, 21), 0.20555076469038214)
13) ((2, 38), 0.2445319603828777)
