
----------------------------------------2023/06/07-12:06:45----------------------------------------

----------------------------------------final_experiments_results/WACA-kNN/EMA_Mean_EER_Naive_df_train_dict.txt----------------------------------------

----------------------
\EMA span: 1
  window_size step_width  Mean_EER best_n_neighbors
0         125         62  0.208049                2
0         250        125  0.156368               19
0         500        250  0.117828               19
0         750        375  0.103461               19
0        1000        500  0.116467               19
0        1250        625  0.118253               19
0        1500        750  0.123912               19
0        1750        875  0.100644               19
0        2000       1000  0.101158               19
----------------------
\EMA span: 5
  window_size step_width  Mean_EER best_n_neighbors
0         125         62  0.196818                2
0         250        125  0.152791               19
0         500        250  0.113718               19
0         750        375  0.099405               19
0        1000        500  0.107314               19
0        1250        625  0.098882               19
0        1500        750  0.110766               19
0        1750        875  0.091472               19
0        2000       1000  0.096283               19
----------------------
\EMA span: 9
  window_size step_width  Mean_EER best_n_neighbors
0         125         62  0.193859                1
0         250        125  0.154876               16
0         500        250  0.118012               19
0         750        375  0.102498               19
0        1000        500  0.103848               17
0        1250        625  0.100495               19
0        1500        750  0.103317               18
0        1750        875  0.088627               19
0        2000       1000  0.082801               19
----------------------
\EMA span: 13
  window_size step_width  Mean_EER best_n_neighbors
0         125         62  0.191828                2
0         250        125  0.151551                5
0         500        250  0.118864               19
0         750        375  0.105176               19
0        1000        500  0.100655               19
0        1250        625  0.098635               19
0        1500        750  0.104099               19
0        1750        875  0.096395               19
0        2000       1000  0.091253               19
----------------------
\EMA span: 17
  window_size step_width  Mean_EER best_n_neighbors
0         125         62  0.188177                1
0         250        125  0.145696                6
0         500        250  0.115782               10
0         750        375  0.104706               17
0        1000        500  0.102278               18
0        1250        625  0.100266               19
0        1500        750  0.102177               19
0        1750        875  0.098779               19
0        2000       1000  0.090602               19
----------------------
\EMA span: 21
  window_size step_width  Mean_EER best_n_neighbors
0         125         62  0.185249                1
0         250        125   0.14212                6
0         500        250  0.112401               15
0         750        375  0.102364               19
0        1000        500  0.101654               19
0        1250        625  0.098006               19
0        1500        750   0.10372               19
0        1750        875  0.098313               19
0        2000       1000  0.087801               19
----------------------
\EMA span: 25
  window_size step_width  Mean_EER best_n_neighbors
0         125         62   0.18175                1
0         250        125  0.139984                3
0         500        250  0.112985               18
0         750        375  0.100828               19
0        1000        500  0.101473               19
0        1250        625  0.097004               19
0        1500        750  0.106839               19
0        1750        875  0.101656               18
0        2000       1000  0.086429               19
----------------------
\EMA span: 29
  window_size step_width  Mean_EER best_n_neighbors
0         125         62  0.178603                1
0         250        125  0.138232                4
0         500        250  0.111328               12
0         750        375  0.102113               15
0        1000        500   0.09972               19
0        1250        625  0.093898               19
0        1500        750  0.104285               19
0        1750        875   0.10874               19
0        2000       1000  0.087587               19
----------------------
\EMA span: 33
  window_size step_width  Mean_EER best_n_neighbors
0         125         62  0.174269                1
0         250        125  0.138269                2
0         500        250  0.110735                8
0         750        375  0.102568               14
0        1000        500  0.100409               19
0        1250        625  0.093115               19
0        1500        750  0.098966               19
0        1750        875  0.109762               19
0        2000       1000  0.090349               19
----------------------
\EMA span: 37
  window_size step_width  Mean_EER best_n_neighbors
0         125         62  0.170731                1
0         250        125  0.137388                4
0         500        250  0.110901                8
0         750        375  0.102527               15
0        1000        500  0.098034               19
0        1250        625  0.092621               19
0        1500        750  0.098249               19
0        1750        875  0.103613               19
0        2000       1000  0.090247               18
----------------------
\EMA span: 41
  window_size step_width  Mean_EER best_n_neighbors
0         125         62  0.167663                1
0         250        125  0.136808                4
0         500        250  0.110584                9
0         750        375  0.103277               17
0        1000        500  0.100406               19
0        1250        625  0.096277               19
0        1500        750  0.101891               19
0        1750        875  0.113327               19
0        2000       1000  0.093147               19
----------------------
\EMA span: 45
  window_size step_width  Mean_EER best_n_neighbors
0         125         62   0.16536                2
0         250        125  0.135217                3
0         500        250  0.109316                8
0         750        375  0.102635               19
0        1000        500  0.100162               18
0        1250        625  0.097458               19
0        1500        750  0.099553               19
0        1750        875  0.108629               19
0        2000       1000  0.092515               19
----------------------
\EMA span: 49
  window_size step_width  Mean_EER best_n_neighbors
0         125         62  0.163118                1
0         250        125  0.134336                4
0         500        250  0.108772                8
0         750        375  0.102173               15
0        1000        500  0.100779               19
0        1250        625  0.097792               19
0        1500        750  0.100491               16
0        1750        875  0.110678               19
0        2000       1000  0.095126               19
----------------------

Sorting based on Mean EER among windows
1) (37, 0.11159007318838188)
2) (45, 0.11231618855054298)
3) (49, 0.11258496873628543)
4) (33, 0.11316027310157224)
5) (41, 0.11370884790860167)
6) (29, 0.11383392841415407)
7) (25, 0.11432753665785983)
8) (21, 0.1146253148835411)
9) (9, 0.11648145115820466)
10) (17, 0.11649589116920472)
11) (13, 0.11760619092159624)
12) (5, 0.11860564958520131)
13) (1, 0.12734883142064038)
