
----------------------------------------2023/06/16-04:22:59----------------------------------------

----------------------------------------final_experiments_results/WACA-kNN/None_Mean_EER_None_df_train_dict.txt----------------------------------------

----------------------

test_dict_key: -99999
  window_size step_width  Mean_EER best_n_neighbors
0         125         62  0.208049                2
0         250        125  0.156368               19
0         500        250  0.117828               19
0         750        375  0.103461               19
0        1000        500  0.116467               19
0        1250        625  0.118253               19
0        1500        750  0.123912               19
0        1750        875  0.100644               19
0        2000       1000  0.101158               19
----------------------

Sorting based on Mean EER among windows
1) (-99999, 0.12734883142064038)
