
----------------------------------------2023/06/24-07:09:47----------------------------------------

----------------------
\cut_off_freq, winsize: (26, 2, 'OCSVM')
  window_size step_width  Mean_EER median_n_estimators median_max_samples median_contamination median_max_features
0         125         62  0.220285                  50                0.9             0.061263                 0.4
0         250        125  0.180504                  50                0.9             0.046992                 0.3
0         500        250  0.151684                  50                0.9             0.055147                 0.5
0         750        375  0.130354                 100                0.8              0.05005                 0.4
0        1000        500  0.117105                 100                0.8             0.062283                0.45
0        1250        625  0.114572                 100                0.8             0.044953                 0.5
0        1500        750   0.11537                 100                0.8             0.063302                0.45
0        1750        875  0.118902                 100                0.7             0.038837                 0.5
0        2000       1000  0.126645                 100                0.8             0.051069                 0.4