
----------------------------------------2023/06/13-10:48:39----------------------------------------

----------------------
\EMA span: 1
  window_size step_width  Mean_EER median_n_estimators median_max_samples median_contamination median_max_features
0         125         62  0.224178                  50                0.9             0.054128                 0.4
0         250        125    0.1804                 100                0.9             0.046992                 0.4
0         500        250   0.15149                  50                0.9             0.061263                 0.4
0         750        375  0.128177                 100                0.8             0.042914                0.45
0        1000        500  0.131098                 100                0.7             0.057186                 0.5
0        1250        625  0.127007                 100                0.7             0.044953                 0.4
0        1500        750  0.125731                 100                0.8             0.051069                 0.4
0        1750        875  0.122346                 100                0.8             0.035779                 0.5
0        2000       1000  0.130934                 100                0.8             0.046992                 0.5
----------------------
\EMA span: 5
  window_size step_width  Mean_EER median_n_estimators median_max_samples median_contamination median_max_features
0         125         62  0.228323                  50                0.9             0.044953                 0.4
0         250        125  0.185725                  50                0.8             0.045972                 0.4
0         500        250  0.149711                  50                0.9             0.053108                 0.4
0         750        375   0.13123                 100               0.75             0.053108                 0.4
0        1000        500  0.127169                 100                0.8              0.05005                 0.4
0        1250        625  0.118651                 100                0.8             0.051069                 0.3
0        1500        750  0.123791                 100                0.8             0.053108                 0.4
0        1750        875  0.123055                 100                0.8             0.059224                 0.4
0        2000       1000  0.133487                 100                0.8             0.046992                 0.6
----------------------
\EMA span: 9
  window_size step_width  Mean_EER median_n_estimators median_max_samples median_contamination median_max_features
0         125         62  0.236339                  50               0.85             0.062283                 0.4
0         250        125  0.187767                 100                0.8             0.046992                 0.4
0         500        250  0.158481                  50                0.8             0.046992                 0.4
0         750        375  0.130933                 100                0.8             0.049031                 0.5
0        1000        500   0.12656                 100                0.8             0.059224                 0.4
0        1250        625  0.120946                 100                0.7              0.03374                 0.6
0        1500        750  0.124425                 100                0.8             0.046992                 0.5
0        1750        875  0.101842                 200                0.7              0.03272                 0.5
0        2000       1000  0.123803                 100                0.8             0.044953                 0.5
----------------------
\EMA span: 13
  window_size step_width  Mean_EER median_n_estimators median_max_samples median_contamination median_max_features
0         125         62  0.247931                  50                0.9             0.055147                 0.4
0         250        125  0.203544                  50               0.85             0.046992                 0.5
0         500        250  0.146205                 100                0.8             0.059224                 0.4
0         750        375  0.126751                 100                0.7             0.052089                0.45
0        1000        500  0.119846                 100                0.8             0.063302                 0.5
0        1250        625  0.114507                 100                0.8              0.03272                 0.4
0        1500        750  0.117466                 100                0.7             0.065341                 0.5
0        1750        875   0.10635                 200                0.7             0.046992                 0.4
0        2000       1000  0.119908                 100                0.8             0.046992                 0.5
----------------------
\EMA span: 17
  window_size step_width  Mean_EER median_n_estimators median_max_samples median_contamination median_max_features
0         125         62  0.258655                  50                0.8             0.062283                 0.4
0         250        125  0.214827                  50                0.8             0.046992                 0.5
0         500        250  0.151243                 100               0.85             0.063302                 0.4
0         750        375  0.135464                 100                0.8             0.063302                 0.4
0        1000        500  0.127953                 100                0.8             0.059224                 0.4
0        1250        625  0.119153                 100               0.75             0.045972                 0.4
0        1500        750  0.108431                 200                0.8             0.057186                 0.4
0        1750        875  0.108284                 200                0.7             0.040876                 0.4
0        2000       1000  0.127789                 100                0.8             0.046992                 0.5