
----------------------------------------2023/05/31-08:39:17----------------------------------------

----------------------
\overlap: 0.51
  window_size step_width  Mean_EER median_n_estimators median_max_samples median_contamination median_max_features
0         125         61   0.27695                  50                0.1                 0.01                 0.5
0         250        122  0.234391                  50                0.1                 0.01                 1.0
0         500        245  0.253208                  50                0.1                 0.01                 0.5
0         750        367  0.282735                  50                0.1                 0.01                 0.5
0        1000        490  0.307099                  50                0.1                 0.01                 0.5
0        1250        612  0.352177                  50                0.1                 0.01                 0.5
0        1500        735       0.5                  50                0.1                 0.01                0.75
0        1750        857       0.5                  50                0.1                 0.01                0.75
0        2000        980       0.5                  50                0.1                 0.01                0.75
----------------------
\overlap: 0.52
  window_size step_width  Mean_EER median_n_estimators median_max_samples median_contamination median_max_features
0         125         60  0.276281                  50                0.1                 0.01                 0.5
0         250        120   0.24692                  50                0.1                 0.01                 0.5
0         500        240  0.241582                  50                0.1                 0.01                 1.0
0         750        360  0.280231                  50                0.1                 0.01                 0.5
0        1000        480  0.298177                  50                0.1                 0.01                 0.5
0        1250        600  0.374442                  50                0.1                 0.01                 1.0
0        1500        720       0.5                  50                0.1                 0.01                0.75
0        1750        840       0.5                  50                0.1                 0.01                0.75
0        2000        960       0.5                  50                0.1                 0.01                0.75
----------------------

Sorting based on Mean EER among windows
1) (0.51, 0.3562843287764263)
2) (0.52, 0.3575146681613878)
