
----------------------------------------2023/06/14-18:39:11----------------------------------------

----------------------
\SMA winsize: 1
  window_size step_width  Mean_EER median_n_estimators median_max_samples median_contamination median_max_features
0         125         62  0.224231                  50                0.9             0.055147                 0.4
0         250        125  0.185958                  50                0.9             0.046992                 0.4
0         500        250  0.151455                  50                0.9             0.062283                 0.4
0         750        375  0.134148                 100                0.8             0.044953                 0.4
0        1000        500  0.130796                 100                0.7             0.057186                 0.5
0        1250        625  0.108783                 200                0.7             0.044953                 0.4
0        1500        750  0.125789                 100                0.8             0.051069                 0.4
0        1750        875  0.122197                 100                0.8             0.035779                 0.5
0        2000       1000  0.130868                 100                0.8             0.046992                 0.5
----------------------
\SMA winsize: 1
  window_size step_width  Mean_EER median_n_estimators median_max_samples median_contamination median_max_features
0         125         62  0.224231                  50                0.9             0.055147                 0.4
0         250        125  0.185958                  50                0.9             0.046992                 0.4
0         500        250  0.151455                  50                0.9             0.062283                 0.4
0         750        375  0.134148                 100                0.8             0.044953                 0.4
0        1000        500  0.130796                 100                0.7             0.057186                 0.5
0        1250        625  0.108783                 200                0.7             0.044953                 0.4
0        1500        750  0.125789                 100                0.8             0.051069                 0.4
0        1750        875  0.122197                 100                0.8             0.035779                 0.5
0        2000       1000  0.130868                 100                0.8             0.046992                 0.5
----------------------
\SMA winsize: 1
  window_size step_width  Mean_EER median_n_estimators median_max_samples median_contamination median_max_features
0         125         62  0.224231                  50                0.9             0.055147                 0.4
0         250        125  0.185958                  50                0.9             0.046992                 0.4
0         500        250  0.151455                  50                0.9             0.062283                 0.4
0         750        375  0.134148                 100                0.8             0.044953                 0.4
0        1000        500  0.130796                 100                0.7             0.057186                 0.5
0        1250        625  0.108783                 200                0.7             0.044953                 0.4
0        1500        750  0.125789                 100                0.8             0.051069                 0.4
0        1750        875  0.122197                 100                0.8             0.035779                 0.5
0        2000       1000  0.130868                 100                0.8             0.046992                 0.5
----------------------

Sorting based on Mean EER among windows
1) (1, 0.14602511237060256)
