
----------------------------------------2023/06/20-04:11:51----------------------------------------

----------------------
\cut_off_freq, span: (40, 3, 'OCSVM')
  window_size step_width  Mean_EER median_n_estimators median_max_samples median_contamination median_max_features
0         125         62  0.216061                 100                0.9             0.046992                 0.4
0         250        125  0.178383                  75                0.9             0.061263                 0.4
0         500        250  0.140862                 100                0.8             0.048011                 0.4
0         750        375  0.132249                 100                0.7             0.046992                 0.5
0        1000        500  0.124968                 100                0.8             0.046992                 0.4
0        1250        625  0.121225                 100                0.7             0.044953                 0.4
0        1500        750  0.127953                 100                0.7             0.061263                 0.4
0        1750        875  0.102128                 200                0.8             0.055147                 0.4
0        2000       1000  0.123132                 100                0.8             0.046992                 0.5
----------------------
\cut_off_freq, span: (49, 4, 'kNN')
  window_size step_width  Mean_EER median_n_estimators median_max_samples median_contamination median_max_features
0         125         62  0.225863                  50                0.9             0.049031                 0.3
0         250        125  0.186045                  50                0.9             0.059224                 0.3
0         500        250  0.141081                 100                0.8             0.051069                 0.4
0         750        375  0.130766                 100               0.75             0.052089                 0.4
0        1000        500   0.12233                 100                0.8             0.059224                 0.5
0        1250        625  0.115666                 100                0.8             0.056166                 0.4
0        1500        750  0.123616                 100                0.8             0.055147                 0.4
0        1750        875     0.115                 100                0.8             0.046992                 0.4
0        2000       1000  0.122829                 100                0.8             0.057186                 0.5
----------------------
\cut_off_freq, span: (40, 3, 'LOF')
  window_size step_width  Mean_EER median_n_estimators median_max_samples median_contamination median_max_features
0         125         62  0.216061                 100                0.9             0.046992                 0.4
0         250        125  0.178383                  75                0.9             0.061263                 0.4
0         500        250  0.140862                 100                0.8             0.048011                 0.4
0         750        375  0.132249                 100                0.7             0.046992                 0.5
0        1000        500  0.124968                 100                0.8             0.046992                 0.4
0        1250        625  0.121225                 100                0.7             0.044953                 0.4
0        1500        750  0.127953                 100                0.7             0.061263                 0.4
0        1750        875  0.102128                 200                0.8             0.055147                 0.4
0        2000       1000  0.123132                 100                0.8             0.046992                 0.5
----------------------

Sorting based on Mean EER among windows
1) ((40, 3, 'OCSVM'), 0.14077353710170595)
2) ((40, 3, 'LOF'), 0.14077353710170595)
3) ((49, 4, 'kNN'), 0.1425772563027)
