
----------------------------------------2023/06/12-21:03:57----------------------------------------

----------------------
\EMA span: 25
  window_size step_width  Mean_EER median_n_estimators median_max_samples median_contamination median_max_features
0         125         62  0.203505                 100                0.9              0.05005                 0.4
0         250        125  0.177734                  50                0.9             0.046992                 0.5
0         500        250  0.132698                 100                0.9             0.063302                 0.5
0         750        375  0.120081                 100               0.75             0.041895                 0.5
0        1000        500  0.111945                 100                0.7             0.052089                 0.6
0        1250        625  0.113298                 100                0.8             0.049031                 0.4
0        1500        750  0.118899                 100                0.7             0.059224                 0.4
0        1750        875  0.110744                 100                0.8             0.043934                 0.5
0        2000       1000  0.090605                 200                0.8              0.03272                 0.5