
----------------------------------------2023/06/06-21:34:22----------------------------------------

----------------------------------------final_experiments_results/WACA-kNN/Butterworth_Mean_EER_Realworld-per_unknown_window_df_train_dict.txt----------------------------------------

----------------------
\cut_off_freq: 1
  window_size step_width  Mean_EER best_n_neighbors
0         125         62  0.426212               18
0         250        125  0.358054               19
0         500        250  0.313778               19
0         750        375  0.284775               19
0        1000        500   0.28461               19
0        1250        625   0.25905               19
0        1500        750  0.257187               19
0        1750        875  0.234387               19
0        2000       1000  0.237374               19
----------------------
\cut_off_freq: 5
  window_size step_width  Mean_EER best_n_neighbors
0         125         62  0.237791                2
0         250        125  0.179186               12
0         500        250  0.134755               19
0         750        375  0.115208               19
0        1000        500  0.111767               19
0        1250        625   0.10177               19
0        1500        750  0.108369               19
0        1750        875  0.091701               19
0        2000       1000  0.097803               19
----------------------
\cut_off_freq: 9
  window_size step_width  Mean_EER best_n_neighbors
0         125         62  0.210134                4
0         250        125  0.157772               17
0         500        250  0.124017               19
0         750        375  0.108425               19
0        1000        500  0.116041               19
0        1250        625  0.106619               12
0        1500        750  0.115723               19
0        1750        875  0.102843               19
0        2000       1000  0.104657               19
----------------------
\cut_off_freq: 13
  window_size step_width  Mean_EER best_n_neighbors
0         125         62  0.204587                7
0         250        125  0.154617               15
0         500        250  0.114198               19
0         750        375  0.105277               19
0        1000        500   0.11474               19
0        1250        625  0.119353               17
0        1500        750  0.141971               19
0        1750        875  0.116429               19
0        2000       1000  0.100281               19
----------------------
\cut_off_freq: 17
  window_size step_width  Mean_EER best_n_neighbors
0         125         62  0.199173                6
0         250        125  0.149528               19
0         500        250  0.111159               18
0         750        375   0.10284               19
0        1000        500  0.112119               19
0        1250        625  0.117977               19
0        1500        750  0.126523               19
0        1750        875  0.105077               19
0        2000       1000  0.096956               19
----------------------
\cut_off_freq: 21
  window_size step_width  Mean_EER best_n_neighbors
0         125         62  0.198127                3
0         250        125  0.148106               19
0         500        250  0.111663               17
0         750        375  0.103527               18
0        1000        500  0.110121               19
0        1250        625  0.121039               19
0        1500        750   0.13364               19
0        1750        875  0.105631               19
0        2000       1000  0.102929               19
----------------------
\cut_off_freq: 25
  window_size step_width  Mean_EER best_n_neighbors
0         125         62  0.196672                3
0         250        125  0.146175               19
0         500        250  0.111278               19
0         750        375  0.100699               17
0        1000        500  0.110224               19
0        1250        625  0.113127               19
0        1500        750  0.127656               19
0        1750        875  0.103912               19
0        2000       1000  0.098973               19
----------------------
\cut_off_freq: 29
  window_size step_width  Mean_EER best_n_neighbors
0         125         62   0.19612                3
0         250        125  0.145737               18
0         500        250  0.111249               19
0         750        375  0.102453               18
0        1000        500  0.114224               19
0        1250        625  0.116129               19
0        1500        750  0.126243               19
0        1750        875  0.098159               19
0        2000       1000  0.097366               19
----------------------
\cut_off_freq: 33
  window_size step_width  Mean_EER best_n_neighbors
0         125         62  0.194234                3
0         250        125   0.14575               19
0         500        250  0.112641               19
0         750        375  0.101707               18
0        1000        500  0.110554               19
0        1250        625  0.111151               19
0        1500        750  0.119212               19
0        1750        875  0.100145               19
0        2000       1000  0.097831               19
----------------------
\cut_off_freq: 37
  window_size step_width  Mean_EER best_n_neighbors
0         125         62  0.195829                6
0         250        125  0.144686               19
0         500        250  0.111533               19
0         750        375  0.099118               19
0        1000        500  0.109856               19
0        1250        625  0.110612               19
0        1500        750  0.123487               19
0        1750        875  0.096707               19
0        2000       1000   0.10195               19
----------------------
\cut_off_freq: 41
  window_size step_width  Mean_EER best_n_neighbors
0         125         62  0.195142                2
0         250        125  0.144627               19
0         500        250  0.111654               18
0         750        375  0.101807               17
0        1000        500  0.112455               19
0        1250        625  0.115076               19
0        1500        750  0.117643               19
0        1750        875  0.099866               18
0        2000       1000  0.097376               19
----------------------
\cut_off_freq: 45
  window_size step_width  Mean_EER best_n_neighbors
0         125         62  0.194817                3
0         250        125   0.14523               18
0         500        250  0.112153               19
0         750        375  0.100779               19
0        1000        500  0.112739               19
0        1250        625   0.11776               19
0        1500        750  0.118589               19
0        1750        875  0.100747               19
0        2000       1000  0.104037               19
----------------------
\cut_off_freq: 49
  window_size step_width  Mean_EER best_n_neighbors
0         125         62  0.193792                2
0         250        125  0.145239               19
0         500        250  0.113117               19
0         750        375  0.098752               18
0        1000        500  0.113187               19
0        1250        625  0.118267               19
0        1500        750  0.120487               19
0        1750        875  0.100428               19
0        2000       1000  0.100188               19
----------------------

Sorting based on Mean EER among windows
1) (33, 0.12146944485402468)
2) (37, 0.12153094291845593)
3) (41, 0.12173832879629806)
4) (49, 0.12260627888666667)
5) (45, 0.1229834338873154)
6) (29, 0.12307555168466282)
7) (25, 0.1231907147205303)
8) (17, 0.12459470709165418)
9) (21, 0.12608687888133827)
10) (9, 0.1273589592610157)
11) (13, 0.13016143051099513)
12) (5, 0.13092788007619915)
13) (1, 0.29504741759728437)
