
----------------------------------------2023/05/30-06:06:48----------------------------------------

----------------------------------------final_experiments_results/WACA-kNN/Butter+EMA_Mean_EER_Realworld-per_unknown_window_df_train_dict.txt----------------------------------------

----------------------
\cut_off_freq, span: (23, 14)
  window_size step_width  Mean_EER best_n_neighbors
0         125         62  0.224986                1
0         250        125  0.176821                5
0         500        250  0.132179               19
0         750        375  0.112553               19
0        1000        500  0.112119               19
0        1250        625  0.102483               19
0        1500        750  0.108188               19
0        1750        875  0.097093               19
0        2000       1000  0.096848               19
----------------------
\cut_off_freq, span: (44, 43)
  window_size step_width  Mean_EER best_n_neighbors
0         125         62  0.311477                1
0         250        125   0.26724               12
0         500        250   0.23065               19
0         750        375  0.192364               19
0        1000        500  0.187095               19
0        1250        625  0.152256               19
0        1500        750  0.161075               19
0        1750        875  0.154007               19
0        2000       1000   0.14157               19
----------------------

Sorting based on Mean EER among windows
1) ((23, 14), 0.12925234277791342)
2) ((44, 43), 0.19974817044129767)
