
----------------------------------------2023/06/08-02:07:30----------------------------------------

----------------------------------------final_experiments_results/WACA-kNN/overlap_Mean_EER_df_train_dict.txt----------------------------------------

----------------------
\overlap: 0.01
  window_size step_width  Mean_EER best_n_neighbors
0         125        123  0.211519                1
0         250        247  0.167629                9
0         500        495  0.124961                9
0         750        742  0.124855                9
0        1000        990  0.111232                9
0        1250       1237  0.106424                9
0        1500       1485  0.114527                9
0        1750       1732  0.122149                9
0        2000       1980      0.11                9
----------------------
\overlap: 0.05
  window_size step_width  Mean_EER best_n_neighbors
0         125        118  0.211306                6
0         250        237  0.169021                8
0         500        475  0.135142               10
0         750        712  0.117698               10
0        1000        950  0.117245               10
0        1250       1187  0.116998               10
0        1500       1425   0.11401               10
0        1750       1662   0.11525               10
0        2000       1900   0.10933               10
----------------------
\overlap: 0.09
  window_size step_width  Mean_EER best_n_neighbors
0         125        113   0.21593                8
0         250        227  0.159469                5
0         500        455  0.133173               10
0         750        682  0.118189                9
0        1000        910  0.125669                8
0        1250       1137  0.113795               10
0        1500       1365  0.145391               10
0        1750       1592  0.133005               10
0        2000       1820  0.122249               10