
----------------------------------------2023/05/30-07:22:44----------------------------------------

----------------------------------------final_experiments_results/WACA-kNN/SMA_Mean_EER_Naive_df_train_dict.txt----------------------------------------

----------------------
\SMA winsize: 48
  window_size step_width  Mean_EER best_n_neighbors
0         125         62  0.171387                1
0         250        125  0.147232                2
0         500        250  0.131016               19
0         750        375  0.117956               19
0        1000        500  0.116229               19
0        1250        625  0.106939               19
0        1500        750  0.111444               19
0        1750        875  0.112643               19
0        2000       1000  0.101291               19
----------------------
\SMA winsize: 49
  window_size step_width  Mean_EER best_n_neighbors
0         125         62  0.170638                1
0         250        125  0.146971                3
0         500        250  0.129439               19
0         750        375  0.117478               19
0        1000        500  0.114973               19
0        1250        625  0.107461               19
0        1500        750  0.109131               19
0        1750        875  0.112428               19
0        2000       1000  0.103001               19
----------------------

Sorting based on Mean EER among windows
1) (49, 0.12350226036786045)
2) (48, 0.12401529071847042)
