
----------------------Training results for cv_fold_idx: 0----------------------
SMA_winsize: 1
  window_size step_width  Mean_EER median_nu median_gamma
0         125         62  0.180237  0.031701     0.372759
0         250        125  0.118443  0.042914     0.655129
0         500        250  0.074027  0.023546     0.212095
0         750        375  0.059378  0.034759     0.094672
0        1000        500  0.052895  0.031701     0.004095
0        1250        625  0.050592  0.018449     0.004095
0        1500        750  0.039016  0.021507     0.000429
0        1750        875  0.042746  0.008255     0.000337
0        2000       1000  0.042092  0.006216     0.000337
----------------------Training results for cv_fold_idx: 1----------------------
SMA_winsize: 1
  window_size step_width  Mean_EER median_nu median_gamma
0         125         62  0.173183  0.031701     0.513944
0         250        125  0.112706  0.042914     0.655129
0         500        250  0.073329  0.031701     0.212095
0         750        375   0.06499  0.020488     0.120679
0        1000        500  0.058363  0.025585     0.017439
0        1250        625  0.054556  0.020488     0.000244
0        1500        750  0.046452  0.013352      0.00138
0        1750        875  0.052426  0.008255     0.000162
0        2000       1000  0.051487  0.001119     0.000079
----------------------Training results for cv_fold_idx: 2----------------------
SMA_winsize: 1
  window_size step_width  Mean_EER median_nu median_gamma
0         125         62  0.147938  0.026604     0.212095
0         250        125  0.095073  0.042914     0.372759
0         500        250  0.055851  0.030682     0.212095
0         750        375  0.043886   0.03272      0.00233
0        1000        500  0.031757  0.030682     0.004095
0        1250        625   0.02934  0.022527     0.004095
0        1500        750  0.023987  0.014371      0.00233
0        1750        875  0.022629  0.018449     0.004095
0        2000       1000  0.023348  0.008255     0.007197