
----------------------------------------2023/07/24-07:45:49----------------------------------------

----------------------------------------clip=False_experiments_results/WACA-OCSVM/clip=False-Smoothing=None-Prep=None-EER_df_train_dict.txt----------------------------------------

----------------------Training results for cv_fold_idx: 0----------------------
cut_off_freq: -99999
  window_size step_width  Mean_EER median_nu median_gamma
0         125         62  0.180249  0.031701     0.372759
0         250        125  0.118442  0.055147     0.655129
0         500        250  0.073995  0.025585     0.212095
0         750        375  0.059378  0.034759     0.094672
0        1000        500  0.052901  0.031701     0.004095
0        1250        625  0.050584  0.018449     0.004095
0        1500        750  0.039016  0.021507     0.000429
0        1750        875  0.042746  0.008255     0.000337
0        2000       1000  0.042092  0.006216     0.000337
----------------------Training results for cv_fold_idx: 1----------------------
cut_off_freq: -99999
  window_size step_width  Mean_EER median_nu median_gamma
0         125         62  0.174278  0.030682     0.655129
0         250        125  0.112654  0.042914     0.655129
0         500        250  0.073345  0.025585     0.212095
0         750        375  0.064995  0.020488     0.120679
0        1000        500  0.058363  0.025585     0.017439
0        1250        625  0.054556  0.020488     0.000244
0        1500        750  0.046452  0.013352      0.00138
0        1750        875  0.052426  0.008255     0.000162
0        2000       1000  0.051487  0.001119     0.000079
----------------------Training results for cv_fold_idx: 2----------------------
cut_off_freq: -99999
  window_size step_width  Mean_EER median_nu median_gamma
0         125         62   0.14793  0.026604     0.212095
0         250        125  0.095861  0.042914     0.655129
0         500        250  0.055806  0.030682     0.212095
0         750        375  0.043892   0.03272      0.00233
0        1000        500  0.031757  0.030682     0.004095
0        1250        625  0.029331  0.022527     0.004095
0        1500        750  0.023987  0.014371      0.00233
0        1750        875  0.022629  0.018449     0.004095
0        2000       1000  0.023348  0.008255     0.007197