
----------------------------------------2023/06/29-01:31:49----------------------------------------

----------------------------------------clip=False_experiments_results/WACA-OCSVM/clip=False-None_Mean_EER_None_df_train_dict.txt----------------------------------------

----------------------

test_dict_key: -99999
  window_size step_width  Mean_EER median_nu median_gamma
0         125         62  0.148175  0.030682     0.372759
0         250        125  0.095457  0.049031     0.655129
0         500        250  0.055691  0.031701     0.212095
0         750        375  0.042828   0.03272      0.00233
0        1000        500  0.030533  0.031701     0.012649
0        1250        625  0.028947  0.022527     0.014713
0        1500        750  0.022934  0.012333     0.004095
0        1750        875  0.022162  0.019468     0.004095
0        2000       1000  0.021697  0.008255     0.005646
----------------------

Sorting based on Mean EER among windows
1) (-99999, 0.05204718418453704)
