
----------------------Training results for cv_fold_idx: 0----------------------
EMA_span: 25
  window_size step_width  Mean_EER median_nu median_gamma
0         125         62  0.168018   0.03374     0.655129
0         250        125  0.105911  0.024565     0.212095
0         500        250  0.065666  0.020488     0.066664
0         750        375   0.05856  0.034759     0.000429
0        1000        500  0.044069  0.034759     0.003212
0        1250        625  0.038306  0.035779     0.000429
0        1500        750  0.029581  0.020488     0.000429
0        1750        875  0.031934  0.014371     0.000429
0        2000       1000  0.033171  0.013352     0.000244
----------------------Training results for cv_fold_idx: 1----------------------
EMA_span: 25
  window_size step_width  Mean_EER median_nu median_gamma
0         125         62  0.155413  0.055147     0.655129
0         250        125   0.09904  0.042914     0.655129
0         500        250    0.0637  0.031701     0.372759
0         750        375  0.063196   0.03272     0.004095
0        1000        500  0.051926  0.029662     0.053867
0        1250        625  0.048331  0.019468     0.000244
0        1500        750  0.040643  0.014371     0.000337
0        1750        875  0.044943  0.018449     0.000079
0        2000       1000  0.044855  0.007236     0.000337
----------------------Training results for cv_fold_idx: 2----------------------
EMA_span: 25
  window_size step_width  Mean_EER median_nu median_gamma
0         125         62  0.141012  0.036798     0.372759
0         250        125  0.093963   0.03272     0.212095
0         500        250  0.057268  0.026604     0.120679
0         750        375  0.041143  0.026604     0.000429
0        1000        500  0.031001  0.030682     0.001326
0        1250        625  0.023273  0.036798     0.000429
0        1500        750  0.022515  0.022527     0.000429
0        1750        875   0.02029  0.022527     0.000244
0        2000       1000  0.018728  0.008255     0.000429