
----------------------------------------2023/06/21-13:24:09----------------------------------------

----------------------------------------final_experiments_results/WACA-OCSVM/None_Mean_EER_None_df_train_dict.txt----------------------------------------

----------------------

test_dict_key: -99999
  window_size step_width  Mean_EER median_nu median_gamma
0         125         62  0.170679  0.042914     0.655129
0         250        125  0.133806  0.040876     0.655129
0         500        250  0.097841  0.040876     0.372759
0         750        375  0.092086  0.035779     0.120679
0        1000        500  0.077972  0.034759     0.120679
0        1250        625  0.082878  0.034759     0.068665
0        1500        750  0.092875  0.034759      0.03065
0        1750        875  0.072483  0.035779     0.068665
0        2000       1000  0.079618  0.035779     0.039069
----------------------

Sorting based on Mean EER among windows
1) (-99999, 0.10002649196286)
