
----------------------------------------2023/07/30-06:57:31----------------------------------------

----------------------Training results for cv_fold_idx: 0----------------------
overlap: 0.33
  window_size step_width  Mean_EER median_nu median_gamma
0         125         83  0.184716  0.041895     0.372759
0         250        167  0.116796   0.03272     0.292427
0         500        334  0.077852  0.028643     0.120679
0         750        502  0.056335  0.023546     0.094672
0        1000        669  0.045789  0.020488     0.120679
0        1250        837  0.047928  0.014371     0.000429
0        1500       1004  0.040368  0.008255     0.004095
0        1750       1172  0.043607  0.008255     0.000079
0        2000       1339  0.040649  0.006216     0.004095
----------------------Training results for cv_fold_idx: 1----------------------
overlap: 0.33
  window_size step_width  Mean_EER median_nu median_gamma
0         125         83  0.178305  0.042914     0.655129
0         250        167  0.109004  0.024565     0.372759
0         500        334  0.076116   0.03272     0.292427
0         750        502  0.064249  0.030682     0.053867
0        1000        669  0.054807  0.019468     0.039069
0        1250        837  0.052708  0.008255     0.000337
0        1500       1004  0.048618  0.007236     0.004095
0        1750       1172  0.049783  0.002139     0.000079
0        2000       1339  0.057105  0.002139     0.000079
----------------------Training results for cv_fold_idx: 2----------------------
overlap: 0.33
  window_size step_width  Mean_EER median_nu median_gamma
0         125         83  0.155862  0.038837     0.372759
0         250        167  0.097064   0.03272     0.212095
0         500        334  0.057135   0.03272     0.120679
0         750        502  0.044352  0.030682     0.000754
0        1000        669  0.035653  0.030682     0.007197
0        1250        837  0.030543  0.034759     0.001326
0        1500       1004  0.026871  0.008255     0.001326
0        1750       1172  0.029532  0.002139     0.000079
0        2000       1339  0.017797  0.008255     0.012649