
----------------------------------------2023/07/30-06:57:31----------------------------------------

----------------------Training results for cv_fold_idx: 0----------------------
overlap: 0.93
  window_size step_width  Mean_EER median_nu median_gamma
0         125          8  0.186741   0.03374     0.655129
0         250         17  0.123537  0.043934     0.655129
0         500         34  0.075217  0.034759     0.372759
0         750         52  0.064733  0.018449     0.045447
0        1000         69  0.048447  0.025585     0.068665
0        1250         87  0.047596  0.020488     0.008372
0        1500        104  0.044661  0.013352     0.000429
0        1750        122  0.042235  0.020488     0.000244
0        2000        139  0.043423  0.012333     0.000109
----------------------Training results for cv_fold_idx: 1----------------------
overlap: 0.93
  window_size step_width  Mean_EER median_nu median_gamma
0         125          8   0.17893   0.03272     0.655129
0         250         17  0.115104  0.056166     0.655129
0         500         34  0.072895  0.035779     0.655129
0         750         52  0.065151  0.030682     0.120679
0        1000         69  0.060488  0.024565     0.039069
0        1250         87  0.051837  0.008255     0.053867
0        1500        104   0.05243  0.008255     0.004095
0        1750        122   0.05219  0.012333     0.000079
0        2000        139  0.051414  0.008255     0.000079
----------------------Training results for cv_fold_idx: 2----------------------
overlap: 0.93
  window_size step_width  Mean_EER median_nu median_gamma
0         125          8  0.155228   0.03272     0.655129
0         250         17  0.097874  0.042914     0.655129
0         500         34  0.056639  0.020488     0.372759
0         750         52  0.045568  0.024565     0.012649
0        1000         69  0.037921  0.022527     0.004095
0        1250         87  0.030263  0.012333     0.004095
0        1500        104  0.027786  0.022527     0.004095
0        1750        122   0.02805   0.01641     0.000244
0        2000        139  0.024643  0.012333     0.000079