
----------------------------------------2023/07/30-06:57:31----------------------------------------

----------------------Training results for cv_fold_idx: 0----------------------
overlap: 0.01
  window_size step_width  Mean_EER median_nu median_gamma
0         125        123   0.18463  0.042914     0.372759
0         250        247  0.117464   0.03374     0.372759
0         500        495  0.081497  0.028643     0.120679
0         750        742  0.060028   0.03272     0.005646
0        1000        990  0.055815  0.023546     0.000429
0        1250       1237  0.047089  0.018449     0.012649
0        1500       1485  0.043609  0.008255     0.003212
0        1750       1732  0.044496  0.004178     0.000429
0        2000       1980  0.045026  0.002139     0.000079
----------------------Training results for cv_fold_idx: 1----------------------
overlap: 0.01
  window_size step_width  Mean_EER median_nu median_gamma
0         125        123  0.177957  0.042914     0.655129
0         250        247  0.115443  0.024565     0.212095
0         500        495  0.074699   0.03272     0.372759
0         750        742  0.064126  0.020488     0.012649
0        1000        990  0.064298  0.015391     0.000429
0        1250       1237  0.054062  0.013352     0.004095
0        1500       1485  0.055489  0.007236     0.000337
0        1750       1732  0.056382  0.004178     0.000079
0        2000       1980  0.057868  0.002139     0.000079
----------------------Training results for cv_fold_idx: 2----------------------
overlap: 0.01
  window_size step_width  Mean_EER median_nu median_gamma
0         125        123  0.150786   0.03272     0.212095
0         250        247  0.095834  0.034759     0.212095
0         500        495  0.057199  0.036798     0.120679
0         750        742  0.041364  0.024565     0.004095
0        1000        990  0.033709  0.026604     0.000754
0        1250       1237  0.030903  0.012333     0.004095
0        1500       1485  0.032728  0.018449     0.000429
0        1750       1732  0.025975  0.008255     0.000429
0        2000       1980  0.023538  0.002139     0.004095