
----------------------------------------2023/07/30-06:57:31----------------------------------------

----------------------Training results for cv_fold_idx: 0----------------------
overlap: 0.97
  window_size step_width  Mean_EER median_nu median_gamma
0         125          3   0.18762   0.03374     0.655129
0         250          7   0.12479  0.041895     0.655129
0         500         15  0.074487   0.03374     0.372759
0         750         22  0.061882  0.023546     0.212095
0        1000         30  0.050257  0.023546     0.068665
0        1250         37  0.049109  0.021507     0.004095
0        1500         45  0.045432  0.019468     0.003212
0        1750         52  0.045234  0.015391     0.000244
0        2000         60  0.045007  0.006216     0.000162
----------------------Training results for cv_fold_idx: 1----------------------
overlap: 0.97
  window_size step_width  Mean_EER median_nu median_gamma
0         125          3  0.180767   0.03272     1.151395
0         250          7  0.116224  0.038837     0.655129
0         500         15  0.073519  0.036798     0.655129
0         750         22  0.063865  0.022527     0.372759
0        1000         30  0.062835   0.01641     0.039069
0        1250         37  0.055159  0.006216     0.068665
0        1500         45  0.056121  0.007236     0.000079
0        1750         52  0.052888  0.006216     0.000079
0        2000         60  0.053029  0.006216     0.000052
----------------------Training results for cv_fold_idx: 2----------------------
overlap: 0.97
  window_size step_width  Mean_EER median_nu median_gamma
0         125          3  0.155353  0.024565     0.655129
0         250          7  0.100056  0.030682     0.655129
0         500         15  0.056979  0.026604     0.372759
0         750         22   0.04328  0.022527     0.068665
0        1000         30   0.03642   0.01641      0.02223
0        1250         37  0.032262   0.01641     0.000429
0        1500         45  0.022998  0.014371     0.120679
0        1750         52  0.029217  0.010294     0.000244
0        2000         60  0.024224  0.012333     0.000429