
----------------------------------------2023/07/30-06:57:31----------------------------------------

----------------------Training results for cv_fold_idx: 0----------------------
overlap: 0.17
  window_size step_width  Mean_EER median_nu median_gamma
0         125        103   0.18473  0.030682     0.212095
0         250        207  0.119237  0.034759     0.372759
0         500        415  0.073142   0.03272     0.166387
0         750        622  0.056045  0.022527     0.009923
0        1000        830  0.047147  0.022527     0.008372
0        1250       1037  0.044421  0.013352     0.004095
0        1500       1245   0.04148  0.007236     0.004095
0        1750       1452  0.038045  0.006216     0.004095
0        2000       1660  0.042719  0.003158     0.000079
----------------------Training results for cv_fold_idx: 1----------------------
overlap: 0.17
  window_size step_width  Mean_EER median_nu median_gamma
0         125        103  0.181802  0.036798     0.655129
0         250        207  0.116055  0.034759     0.372759
0         500        415  0.073858  0.024565     0.120679
0         750        622  0.059378  0.025585     0.094672
0        1000        830  0.054421  0.013352     0.008372
0        1250       1037  0.052789   0.01743     0.000337
0        1500       1245  0.048635  0.006216     0.004095
0        1750       1452  0.048985  0.002139     0.000079
0        2000       1660  0.054605  0.003158     0.000162
----------------------Training results for cv_fold_idx: 2----------------------
overlap: 0.17
  window_size step_width  Mean_EER median_nu median_gamma
0         125        103  0.149445  0.036798     0.212095
0         250        207  0.096598  0.034759     0.372759
0         500        415  0.060819  0.034759     0.001326
0         750        622  0.038366  0.022527     0.120679
0        1000        830  0.029848  0.024565     0.001326
0        1250       1037  0.024956  0.020488     0.004095
0        1500       1245  0.025676  0.006216     0.000429
0        1750       1452  0.025125  0.008255     0.004095
0        2000       1660  0.023587  0.002139     0.000079