
----------------------------------------2023/07/30-06:57:31----------------------------------------

----------------------Training results for cv_fold_idx: 0----------------------
overlap: 0.61
  window_size step_width  Mean_EER median_nu median_gamma
0         125         48  0.183177  0.031701     0.513944
0         250         97  0.117244  0.042914     0.655129
0         500        195  0.073535  0.024565     0.212095
0         750        292  0.057102   0.03272     0.166387
0        1000        390  0.047799   0.03374     0.120679
0        1250        487  0.048107  0.022527     0.002425
0        1500        585  0.043313  0.024565     0.000244
0        1750        682  0.046034  0.015391     0.000429
0        2000        780  0.045926  0.006216     0.000429
----------------------Training results for cv_fold_idx: 1----------------------
overlap: 0.61
  window_size step_width  Mean_EER median_nu median_gamma
0         125         48   0.17733  0.055147     0.655129
0         250         97  0.109511   0.03272     0.655129
0         500        195  0.070929  0.024565     0.372759
0         750        292   0.06438  0.024565     0.094672
0        1000        390  0.056285   0.01743     0.068665
0        1250        487   0.05878  0.022527     0.000079
0        1500        585  0.051834  0.007236     0.000244
0        1750        682  0.059002  0.008255     0.000162
0        2000        780  0.053389    0.0001     0.000079
----------------------Training results for cv_fold_idx: 2----------------------
overlap: 0.61
  window_size step_width  Mean_EER median_nu median_gamma
0         125         48  0.151986  0.036798     0.655129
0         250         97  0.093049  0.036798     0.372759
0         500        195  0.051685  0.024565     0.212095
0         750        292  0.044561  0.024565     0.004095
0        1000        390  0.033255  0.022527     0.120679
0        1250        487  0.030659  0.026604     0.000244
0        1500        585  0.027073  0.008255     0.000244
0        1750        682   0.02079  0.018449     0.004095
0        2000        780  0.022327  0.006216     0.000429