
----------------------------------------2023/07/30-06:57:31----------------------------------------

----------------------Training results for cv_fold_idx: 0----------------------
overlap: 0.53
  window_size step_width  Mean_EER median_nu median_gamma
0         125         58  0.181578  0.036798     0.655129
0         250        117  0.118306  0.037817     0.655129
0         500        235  0.070739  0.030682     0.212095
0         750        352  0.063253  0.024565     0.053867
0        1000        470  0.056634  0.023546      0.00138
0        1250        587  0.049923  0.021507     0.008372
0        1500        705  0.041015  0.008255     0.000429
0        1750        822  0.040888  0.008255     0.000337
0        2000        940   0.04193  0.002139     0.000337
----------------------Training results for cv_fold_idx: 1----------------------
overlap: 0.53
  window_size step_width  Mean_EER median_nu median_gamma
0         125         58  0.175878  0.042914     0.655129
0         250        117  0.112843   0.03374     0.655129
0         500        235  0.073935   0.03272     0.212095
0         750        352  0.064102  0.023546     0.120679
0        1000        470  0.062974  0.021507     0.000429
0        1250        587  0.060015  0.010294     0.000079
0        1500        705  0.050432  0.010294     0.000079
0        1750        822  0.049254  0.004178     0.000337
0        2000        940  0.053145  0.002139     0.000079
----------------------Training results for cv_fold_idx: 2----------------------
overlap: 0.53
  window_size step_width  Mean_EER median_nu median_gamma
0         125         58  0.150633   0.03272     0.655129
0         250        117  0.095913  0.026604     0.212095
0         500        235  0.053705  0.030682     0.212095
0         750        352  0.046794   0.03272     0.004095
0        1000        470  0.035543   0.03272     0.000244
0        1250        587  0.030461  0.030682     0.000429
0        1500        705  0.023757  0.008255     0.000429
0        1750        822  0.021686  0.008255     0.000244
0        2000        940  0.022904  0.008255     0.000079