
----------------------------------------2023/07/30-06:57:31----------------------------------------

----------------------Training results for cv_fold_idx: 0----------------------
overlap: 0.6900000000000001
  window_size step_width  Mean_EER median_nu median_gamma
0         125         38  0.184189  0.044953     0.655129
0         250         77  0.115127  0.035779     0.655129
0         500        154  0.071379   0.03272     0.166387
0         750        232  0.060795  0.025585     0.039069
0        1000        309  0.050623   0.03272     0.005646
0        1250        387  0.046781  0.022527     0.004095
0        1500        464  0.040881  0.030682     0.000079
0        1750        542  0.045387  0.022527     0.000429
0        2000        619  0.043005  0.006216     0.000337
----------------------Training results for cv_fold_idx: 1----------------------
overlap: 0.6900000000000001
  window_size step_width  Mean_EER median_nu median_gamma
0         125         38  0.177094  0.042914     0.655129
0         250         77  0.108264  0.039856     0.655129
0         500        154  0.072378  0.024565     0.292427
0         750        232  0.062751  0.021507     0.068665
0        1000        309  0.063053   0.01743     0.009923
0        1250        387  0.055941  0.022527     0.004095
0        1500        464  0.049945  0.012333     0.000079
0        1750        542  0.052529  0.006216     0.000079
0        2000        619  0.053387  0.008255     0.000079
----------------------Training results for cv_fold_idx: 2----------------------
overlap: 0.6900000000000001
  window_size step_width  Mean_EER median_nu median_gamma
0         125         38  0.151107  0.030682     0.372759
0         250         77  0.093911   0.03272     0.372759
0         500        154  0.057543  0.024565     0.012649
0         750        232  0.046857  0.022527     0.004095
0        1000        309  0.035956  0.030682     0.012649
0        1250        387   0.02658   0.03272     0.000429
0        1500        464  0.026078   0.01641     0.000429
0        1750        542  0.022726  0.008255     0.004095
0        2000        619  0.017572  0.006216      0.02223