
----------------------------------------2023/07/30-06:57:31----------------------------------------

----------------------Training results for cv_fold_idx: 0----------------------
overlap: 0.41000000000000003
  window_size step_width  Mean_EER median_nu median_gamma
0         125         73  0.185741  0.035779     0.372759
0         250        147  0.118126  0.042914     0.513944
0         500        295  0.076632  0.041895     0.094672
0         750        442  0.057803  0.034759      0.02223
0        1000        590  0.053444  0.031701     0.017439
0        1250        737  0.054084  0.018449     0.004095
0        1500        885  0.042689  0.008255     0.002262
0        1750       1032  0.044321  0.013352     0.000079
0        2000       1180  0.042074  0.002139     0.000079
----------------------Training results for cv_fold_idx: 1----------------------
overlap: 0.41000000000000003
  window_size step_width  Mean_EER median_nu median_gamma
0         125         73  0.181073  0.044953     0.655129
0         250        147  0.111395  0.042914     0.655129
0         500        295  0.073838  0.028643     0.166387
0         750        442  0.064411  0.031701     0.000429
0        1000        590  0.061889  0.021507     0.004095
0        1250        737  0.057934  0.009274     0.004095
0        1500        885  0.051259   0.01641     0.000429
0        1750       1032  0.057396  0.008255     0.000079
0        2000       1180  0.049598    0.0001     0.000079
----------------------Training results for cv_fold_idx: 2----------------------
overlap: 0.41000000000000003
  window_size step_width  Mean_EER median_nu median_gamma
0         125         73  0.153682  0.042914     0.655129
0         250        147  0.094263  0.034759     0.372759
0         500        295  0.057193  0.026604      0.02223
0         750        442   0.04159  0.030682     0.004095
0        1000        590  0.033875  0.030682     0.039069
0        1250        737  0.031709  0.034759     0.000429
0        1500        885  0.025477  0.020488     0.000754
0        1750       1032  0.022807   0.01641     0.012649
0        2000       1180   0.02592    0.0001     0.000079