
----------------------------------------2023/07/30-06:57:31----------------------------------------

----------------------Training results for cv_fold_idx: 0----------------------
overlap: 0.89
  window_size step_width  Mean_EER median_nu median_gamma
0         125         13  0.185458  0.038837     0.655129
0         250         27  0.119585  0.036798     0.655129
0         500         54  0.075006  0.028643     0.372759
0         750         82  0.062235  0.027623     0.094672
0        1000        109    0.0497   0.01743     0.068665
0        1250        137  0.045368  0.018449     0.017439
0        1500        164  0.047209   0.01743     0.000244
0        1750        192  0.045094  0.011313     0.000244
0        2000        219  0.041313  0.008255     0.000079
----------------------Training results for cv_fold_idx: 1----------------------
overlap: 0.89
  window_size step_width  Mean_EER median_nu median_gamma
0         125         13  0.177723  0.038837     0.655129
0         250         27  0.112839  0.048011     0.655129
0         500         54  0.071121  0.042914     0.655129
0         750         82   0.06544  0.019468     0.120679
0        1000        109  0.061643  0.022527     0.025859
0        1250        137  0.057809  0.015391     0.006539
0        1500        164  0.052904  0.009274     0.000079
0        1750        192   0.05499  0.004178     0.000079
0        2000        219  0.053391  0.007236     0.000079
----------------------Training results for cv_fold_idx: 2----------------------
overlap: 0.89
  window_size step_width  Mean_EER median_nu median_gamma
0         125         13  0.153691   0.03272     0.655129
0         250         27  0.096046  0.026604     0.372759
0         500         54  0.056409  0.022527     0.372759
0         750         82  0.046823   0.01641     0.012649
0        1000        109  0.032407  0.024565     0.068665
0        1250        137   0.02956  0.018449     0.004095
0        1500        164  0.026598  0.014371     0.068665
0        1750        192  0.026721  0.022527     0.000429
0        2000        219  0.023395  0.008255     0.000429