
----------------------------------------2023/07/30-06:57:31----------------------------------------

----------------------Training results for cv_fold_idx: 0----------------------
overlap: 0.77
  window_size step_width  Mean_EER median_nu median_gamma
0         125         28  0.182421  0.035779     0.655129
0         250         57  0.119086  0.031701     0.513944
0         500        114  0.074535   0.03272     0.212095
0         750        172  0.058298  0.026604     0.120679
0        1000        229   0.04773  0.022527     0.039069
0        1250        287  0.048356  0.022527     0.012649
0        1500        345  0.044908  0.022527     0.000429
0        1750        402  0.040378  0.021507     0.000079
0        2000        459  0.043947  0.008255     0.000244
----------------------Training results for cv_fold_idx: 1----------------------
overlap: 0.77
  window_size step_width  Mean_EER median_nu median_gamma
0         125         28   0.17688   0.03272     0.655129
0         250         57  0.111497  0.042914     0.655129
0         500        114  0.070088  0.020488     0.655129
0         750        172  0.063116  0.025585     0.212095
0        1000        229  0.056382  0.022527     0.039069
0        1250        287  0.056506  0.021507     0.012649
0        1500        345  0.052442   0.01641     0.000079
0        1750        402  0.049326  0.018449     0.000429
0        2000        459   0.05693  0.004178     0.000079
----------------------Training results for cv_fold_idx: 2----------------------
overlap: 0.77
  window_size step_width  Mean_EER median_nu median_gamma
0         125         28  0.153814  0.038837     0.655129
0         250         57  0.097212   0.03272     0.655129
0         500        114  0.056244  0.022527     0.120679
0         750        172  0.043783  0.030682     0.039069
0        1000        229  0.031177  0.024565     0.068665
0        1250        287  0.031371  0.024565     0.000079
0        1500        345  0.028363  0.008255     0.000429
0        1750        402  0.022856  0.020488     0.004095
0        2000        459  0.029191  0.008255     0.000079