
----------------------------------------2023/07/30-06:57:31----------------------------------------

----------------------Training results for cv_fold_idx: 0----------------------
overlap: 0.73
  window_size step_width  Mean_EER median_nu median_gamma
0         125         33  0.182049  0.042914     0.655129
0         250         67  0.116136  0.043934     0.655129
0         500        135  0.076456  0.030682     0.212095
0         750        202  0.069831  0.023546     0.008372
0        1000        270  0.053207  0.023546     0.004095
0        1250        337  0.049277  0.022527     0.004095
0        1500        405  0.042675  0.022527     0.000877
0        1750        472  0.041348  0.014371     0.000337
0        2000        540   0.04405  0.008255     0.000429
----------------------Training results for cv_fold_idx: 1----------------------
overlap: 0.73
  window_size step_width  Mean_EER median_nu median_gamma
0         125         33  0.176235  0.036798     0.655129
0         250         67  0.109891  0.038837     0.655129
0         500        135  0.074593  0.035779     0.372759
0         750        202  0.065334  0.031701     0.120679
0        1000        270  0.064435  0.028643     0.004095
0        1250        337  0.056793  0.018449     0.000192
0        1500        405  0.051976  0.010294     0.004095
0        1750        472  0.050103  0.006216     0.000244
0        2000        540  0.055117  0.003158     0.000079
----------------------Training results for cv_fold_idx: 2----------------------
overlap: 0.73
  window_size step_width  Mean_EER median_nu median_gamma
0         125         33  0.149259  0.034759     0.655129
0         250         67  0.094822  0.034759     0.655129
0         500        135  0.055567  0.042914     0.212095
0         750        202  0.048801  0.030682     0.004095
0        1000        270  0.033875  0.024565     0.004095
0        1250        337  0.027986  0.020488     0.068665
0        1500        405  0.025021  0.008255     0.001326
0        1750        472  0.023634  0.022527     0.004095
0        2000        540   0.02206  0.010294     0.004095