
----------------------------------------2023/07/30-06:57:31----------------------------------------

----------------------Training results for cv_fold_idx: 0----------------------
overlap: 0.65
  window_size step_width  Mean_EER median_nu median_gamma
0         125         43  0.181164  0.030682     0.655129
0         250         87  0.121608  0.030682     0.655129
0         500        175  0.071253  0.034759     0.372759
0         750        262  0.062753  0.022527      0.03065
0        1000        350  0.053385  0.022527     0.012649
0        1250        437  0.049445  0.024565     0.000429
0        1500        525  0.039924  0.024565     0.000079
0        1750        612  0.041184  0.010294     0.000162
0        2000        700  0.037726  0.006216     0.000079
----------------------Training results for cv_fold_idx: 1----------------------
overlap: 0.65
  window_size step_width  Mean_EER median_nu median_gamma
0         125         43  0.178501  0.040876     0.655129
0         250         87   0.11369  0.035779     0.655129
0         500        175  0.069538   0.03272     0.655129
0         750        262  0.065172  0.023546     0.068665
0        1000        350  0.064574  0.019468     0.002262
0        1250        437  0.048638  0.012333     0.120679
0        1500        525  0.048684  0.018449     0.000079
0        1750        612  0.051752  0.008255     0.000079
0        2000        700  0.049868  0.002139     0.000079
----------------------Training results for cv_fold_idx: 2----------------------
overlap: 0.65
  window_size step_width  Mean_EER median_nu median_gamma
0         125         43  0.152632   0.03272     0.655129
0         250         87  0.093796  0.034759     0.372759
0         500        175  0.055387  0.036798     0.212095
0         750        262  0.046994  0.022527     0.012649
0        1000        350  0.037588  0.024565     0.004095
0        1250        437  0.028839  0.020488     0.000429
0        1500        525  0.024246  0.014371     0.000244
0        1750        612  0.022487  0.014371     0.004095
0        2000        700  0.023058  0.008255     0.000429