
----------------------------------------2023/07/30-06:57:31----------------------------------------

----------------------Training results for cv_fold_idx: 0----------------------
overlap: 0.13
  window_size step_width  Mean_EER median_nu median_gamma
0         125        108  0.187937   0.03272     0.372759
0         250        217  0.116395  0.023546     0.212095
0         500        435  0.068416   0.03272     0.655129
0         750        652  0.058331   0.03272     0.023133
0        1000        870  0.053661  0.022527     0.000429
0        1250       1087  0.047119   0.01641     0.008372
0        1500       1305  0.042877  0.008255     0.004095
0        1750       1522  0.047186  0.006216     0.000429
0        2000       1740  0.043612    0.0001     0.000079
----------------------Training results for cv_fold_idx: 1----------------------
overlap: 0.13
  window_size step_width  Mean_EER median_nu median_gamma
0         125        108  0.183391   0.03272     0.655129
0         250        217  0.114657  0.034759     0.655129
0         500        435  0.067078  0.030682     0.372759
0         750        652  0.058865  0.024565     0.120679
0        1000        870  0.062243  0.008255     0.000429
0        1250       1087  0.057715  0.008255     0.000429
0        1500       1305  0.054947  0.007236     0.000337
0        1750       1522  0.059433  0.001119     0.000079
0        2000       1740   0.05677    0.0001     0.000079
----------------------Training results for cv_fold_idx: 2----------------------
overlap: 0.13
  window_size step_width  Mean_EER median_nu median_gamma
0         125        108  0.154082  0.030682     0.212095
0         250        217  0.094566  0.042914     0.372759
0         500        435  0.053594  0.038837     0.120679
0         750        652  0.039273   0.03272     0.000429
0        1000        870  0.037707  0.014371     0.000429
0        1250       1087  0.025746  0.020488      0.02223
0        1500       1305  0.025653  0.008255     0.000429
0        1750       1522  0.030184  0.002139     0.000429
0        2000       1740  0.026608  0.008255     0.000429