
----------------------------------------2023/07/30-06:57:31----------------------------------------

----------------------Training results for cv_fold_idx: 0----------------------
overlap: 0.45
  window_size step_width  Mean_EER median_nu median_gamma
0         125         68  0.181567  0.042914     0.372759
0         250        137   0.11639  0.037817     0.372759
0         500        275  0.073165  0.024565     0.120679
0         750        412  0.059242   0.03374      0.03065
0        1000        550  0.051899   0.03272     0.004095
0        1250        687  0.046397  0.022527     0.012649
0        1500        825  0.043575  0.008255     0.000162
0        1750        962  0.044361  0.008255     0.000877
0        2000       1100  0.037632  0.003158     0.000079
----------------------Training results for cv_fold_idx: 1----------------------
overlap: 0.45
  window_size step_width  Mean_EER median_nu median_gamma
0         125         68  0.176963  0.042914     0.655129
0         250        137  0.112107  0.035779     0.655129
0         500        275  0.069375  0.030682     0.372759
0         750        412  0.062621  0.021507     0.040657
0        1000        550  0.059858  0.022527     0.004095
0        1250        687  0.054419   0.01743     0.000429
0        1500        825   0.05455  0.005197     0.000192
0        1750        962  0.053647  0.006216     0.000337
0        2000       1100   0.04693  0.001119     0.000079
----------------------Training results for cv_fold_idx: 2----------------------
overlap: 0.45
  window_size step_width  Mean_EER median_nu median_gamma
0         125         68  0.154229   0.03272     0.372759
0         250        137  0.095166  0.036798     0.372759
0         500        275  0.052285  0.030682     0.120679
0         750        412  0.040468  0.036798     0.000244
0        1000        550  0.029327  0.030682      0.00233
0        1250        687  0.030631  0.008255     0.000429
0        1500        825  0.024829  0.018449     0.000429
0        1750        962  0.024923  0.008255     0.000429
0        2000       1100  0.019786  0.006216     0.012649