
----------------------------------------2023/07/30-06:57:31----------------------------------------

----------------------Training results for cv_fold_idx: 0----------------------
overlap: 0.05
  window_size step_width  Mean_EER median_nu median_gamma
0         125        118  0.177358  0.024565     0.212095
0         250        237  0.116498  0.027623     0.372759
0         500        475  0.074181  0.024565     0.120679
0         750        712  0.059673  0.026604     0.012649
0        1000        950  0.056543  0.021507     0.005646
0        1250       1187   0.04322  0.008255      0.00271
0        1500       1425   0.05094  0.008255      0.00271
0        1750       1662  0.046272  0.007236     0.000429
0        2000       1900  0.048134  0.004178     0.000429
----------------------Training results for cv_fold_idx: 1----------------------
overlap: 0.05
  window_size step_width  Mean_EER median_nu median_gamma
0         125        118  0.176461  0.036798     0.513944
0         250        237  0.113167  0.035779     0.655129
0         500        475  0.077883  0.030682     0.120679
0         750        712   0.06735  0.023546     0.004095
0        1000        950  0.066196  0.018449     0.012649
0        1250       1187  0.053591  0.008255     0.000429
0        1500       1425  0.062331  0.002139     0.000079
0        1750       1662  0.056645  0.001119     0.000079
0        2000       1900  0.059833  0.002139     0.000429
----------------------Training results for cv_fold_idx: 2----------------------
overlap: 0.05
  window_size step_width  Mean_EER median_nu median_gamma
0         125        118  0.149972  0.030682     0.372759
0         250        237  0.094624   0.03272     0.655129
0         500        475  0.058945  0.030682     0.120679
0         750        712  0.045725  0.030682     0.000429
0        1000        950  0.031007  0.022527     0.012649
0        1250       1187  0.027761  0.012333     0.000429
0        1500       1425  0.027799  0.008255     0.000429
0        1750       1662   0.02366  0.006216      0.00233
0        2000       1900   0.02201  0.008255     0.004095