
----------------------------------------2023/07/30-06:57:31----------------------------------------

----------------------Training results for cv_fold_idx: 0----------------------
overlap: 0.29
  window_size step_width  Mean_EER median_nu median_gamma
0         125         88  0.179567  0.042914     0.513944
0         250        177  0.117723  0.035779     0.655129
0         500        355  0.076638   0.03272     0.040657
0         750        532  0.052665   0.03272     0.068665
0        1000        710   0.05441  0.020488     0.004095
0        1250        887  0.052117  0.022527     0.004095
0        1500       1065  0.042964  0.008255     0.012649
0        1750       1242  0.037566  0.008255     0.000429
0        2000       1420  0.046504  0.008255     0.000244
----------------------Training results for cv_fold_idx: 1----------------------
overlap: 0.29
  window_size step_width  Mean_EER median_nu median_gamma
0         125         88  0.172089   0.03272     0.513944
0         250        177  0.114329  0.035779     0.655129
0         500        355  0.071456  0.028643     0.120679
0         750        532  0.063839  0.021507     0.021582
0        1000        710  0.058802  0.015391     0.004095
0        1250        887  0.057769  0.008255     0.000079
0        1500       1065  0.057756  0.008255     0.000244
0        1750       1242  0.050789  0.005197     0.000429
0        2000       1420  0.054455  0.002139     0.000079
----------------------Training results for cv_fold_idx: 2----------------------
overlap: 0.29
  window_size step_width  Mean_EER median_nu median_gamma
0         125         88  0.152942  0.034759     0.212095
0         250        177  0.097978   0.03272     0.212095
0         500        355  0.059972  0.030682     0.120679
0         750        532    0.0438   0.03272     0.004095
0        1000        710  0.031851   0.03272     0.012649
0        1250        887  0.029634  0.022527     0.004095
0        1500       1065  0.028747  0.020488     0.004095
0        1750       1242  0.019993  0.018449     0.001326
0        2000       1420  0.029302  0.002139     0.000429