
----------------------------------------2023/07/30-06:57:31----------------------------------------

----------------------Training results for cv_fold_idx: 0----------------------
overlap: 0.49
  window_size step_width  Mean_EER median_nu median_gamma
0         125         63  0.180136   0.03272     0.513944
0         250        127  0.120496   0.03272     0.372759
0         500        255  0.070763  0.030682     0.292427
0         750        382  0.061082  0.030682      0.00138
0        1000        510  0.053914   0.03374     0.009923
0        1250        637  0.047706  0.010294     0.004095
0        1500        765  0.046144  0.019468     0.000429
0        1750        892  0.041364  0.008255     0.000429
0        2000       1020  0.044044  0.006216     0.000079
----------------------Training results for cv_fold_idx: 1----------------------
overlap: 0.49
  window_size step_width  Mean_EER median_nu median_gamma
0         125         63  0.173248  0.030682     0.513944
0         250        127  0.110125   0.03374     0.655129
0         500        255  0.072407  0.020488     0.212095
0         750        382  0.061745  0.022527     0.120679
0        1000        510  0.062487  0.013352     0.004095
0        1250        637  0.057352  0.014371     0.000244
0        1500        765   0.05002  0.010294      0.00271
0        1750        892   0.04988  0.006216     0.000429
0        2000       1020  0.057368  0.002139     0.000079
----------------------Training results for cv_fold_idx: 2----------------------
overlap: 0.49
  window_size step_width  Mean_EER median_nu median_gamma
0         125         63  0.149965  0.026604     0.372759
0         250        127  0.098062   0.03272     0.372759
0         500        255   0.05257  0.024565     0.212095
0         750        382  0.042349  0.026604     0.012649
0        1000        510  0.036813   0.03272     0.000429
0        1250        637   0.02437  0.022527     0.000429
0        1500        765    0.0259  0.020488     0.001326
0        1750        892  0.025997  0.008255     0.000429
0        2000       1020  0.020976  0.008255     0.039069