
----------------------------------------2023/07/30-06:57:31----------------------------------------

----------------------Training results for cv_fold_idx: 0----------------------
overlap: 0.21
  window_size step_width  Mean_EER median_nu median_gamma
0         125         98  0.180737  0.030682     0.372759
0         250        197  0.120137  0.030682     0.212095
0         500        395  0.068482  0.036798     0.120679
0         750        592  0.056609  0.026604     0.025859
0        1000        790  0.055061  0.024565     0.004095
0        1250        987  0.047707  0.022527     0.039069
0        1500       1185   0.03743  0.008255     0.004095
0        1750       1382  0.041466  0.012333     0.000429
0        2000       1580  0.042874  0.004178     0.000429
----------------------Training results for cv_fold_idx: 1----------------------
overlap: 0.21
  window_size step_width  Mean_EER median_nu median_gamma
0         125         98  0.183276  0.041895     0.372759
0         250        197  0.110586  0.034759     0.372759
0         500        395  0.074337   0.03272     0.068665
0         750        592     0.061  0.020488     0.094672
0        1000        790  0.063725  0.013352     0.000337
0        1250        987  0.054361  0.010294     0.068665
0        1500       1185  0.049938  0.008255     0.000079
0        1750       1382  0.053835  0.002139     0.000079
0        2000       1580  0.050081  0.002139     0.000079
----------------------Training results for cv_fold_idx: 2----------------------
overlap: 0.21
  window_size step_width  Mean_EER median_nu median_gamma
0         125         98   0.15172   0.03272     0.372759
0         250        197  0.095377  0.046992     0.212095
0         500        395  0.052407   0.03272     0.120679
0         750        592  0.039382  0.030682     0.068665
0        1000        790  0.035358  0.038837     0.000244
0        1250        987  0.027318   0.01641     0.012649
0        1500       1185  0.024596  0.008255     0.000429
0        1750       1382  0.022703  0.008255      0.02223
0        2000       1580  0.022515  0.006216     0.012649