
----------------------------------------2023/07/30-06:57:31----------------------------------------

----------------------Training results for cv_fold_idx: 0----------------------
overlap: 0.81
  window_size step_width  Mean_EER median_nu median_gamma
0         125         23  0.183413  0.039856     0.655129
0         250         47  0.122286  0.030682     0.513944
0         500         94  0.072116  0.040876     0.372759
0         750        142  0.061202  0.031701     0.039069
0        1000        189  0.056323  0.019468     0.004095
0        1250        237  0.051617  0.022527     0.004095
0        1500        284  0.049375   0.01641     0.000244
0        1750        332  0.041983  0.019468     0.004095
0        2000        379  0.045738  0.007236     0.000079
----------------------Training results for cv_fold_idx: 1----------------------
overlap: 0.81
  window_size step_width  Mean_EER median_nu median_gamma
0         125         23  0.177298  0.038837     0.655129
0         250         47  0.113401  0.043934     0.655129
0         500         94  0.070679   0.03272     0.655129
0         750        142  0.062678  0.037817     0.212095
0        1000        189  0.057056   0.01641     0.068665
0        1250        237   0.05885  0.015391     0.000429
0        1500        284  0.051178  0.008255     0.002262
0        1750        332  0.050608  0.008255     0.000192
0        2000        379  0.055181  0.004178     0.000079
----------------------Training results for cv_fold_idx: 2----------------------
overlap: 0.81
  window_size step_width  Mean_EER median_nu median_gamma
0         125         23   0.15311  0.034759     0.372759
0         250         47   0.09654   0.03272     0.655129
0         500         94  0.055592  0.022527     0.212095
0         750        142  0.046315  0.024565     0.007197
0        1000        189  0.039391  0.020488     0.000429
0        1250        237  0.032501   0.03272     0.001326
0        1500        284   0.02874  0.022527     0.000429
0        1750        332   0.02383  0.012333     0.000244
0        2000        379  0.021918  0.008255     0.000429