
----------------------------------------2023/07/30-06:57:31----------------------------------------

----------------------Training results for cv_fold_idx: 0----------------------
overlap: 0.5700000000000001
  window_size step_width  Mean_EER median_nu median_gamma
0         125         53    0.1807  0.042914     0.655129
0         250        107  0.118719   0.03272     0.372759
0         500        214  0.072289  0.030682     0.372759
0         750        322  0.055718  0.025585     0.120679
0        1000        429  0.051159   0.03272     0.012649
0        1250        537  0.047055  0.024565     0.003212
0        1500        644  0.041808   0.01641     0.004095
0        1750        752   0.04246  0.008255      0.00138
0        2000        859  0.039005  0.002139     0.000079
----------------------Training results for cv_fold_idx: 1----------------------
overlap: 0.5700000000000001
  window_size step_width  Mean_EER median_nu median_gamma
0         125         53  0.174099  0.043934     0.655129
0         250        107  0.112865  0.025585     0.372759
0         500        214  0.071513  0.034759     0.372759
0         750        322   0.06119  0.023546     0.120679
0        1000        429   0.05467  0.024565     0.068665
0        1250        537  0.053933  0.012333     0.000429
0        1500        644   0.04882  0.012333     0.004095
0        1750        752  0.048168  0.008255     0.000429
0        2000        859   0.05095    0.0001     0.000079
----------------------Training results for cv_fold_idx: 2----------------------
overlap: 0.5700000000000001
  window_size step_width  Mean_EER median_nu median_gamma
0         125         53  0.151987  0.042914     0.655129
0         250        107  0.096862  0.030682     0.372759
0         500        214  0.053381   0.03272     0.120679
0         750        322  0.050404  0.030682     0.000244
0        1000        429  0.035405  0.026604     0.000429
0        1250        537  0.028418  0.022527     0.004095
0        1500        644  0.025222  0.012333     0.012649
0        1750        752  0.022256  0.008255      0.00233
0        2000        859  0.020226  0.006216     0.004095