
----------------------------------------2023/07/30-06:57:31----------------------------------------

----------------------Training results for cv_fold_idx: 0----------------------
overlap: 0.85
  window_size step_width  Mean_EER median_nu median_gamma
0         125         18   0.18532  0.042914     0.655129
0         250         37  0.121826  0.025585     0.513944
0         500         75   0.07201  0.037817     0.372759
0         750        112  0.057985  0.028643     0.120679
0        1000        150  0.049815  0.022527     0.094672
0        1250        187  0.048826  0.021507     0.004095
0        1500        225  0.047377  0.021507     0.000592
0        1750        262  0.044538  0.008255     0.000337
0        2000        300  0.042521  0.007236     0.000244
----------------------Training results for cv_fold_idx: 1----------------------
overlap: 0.85
  window_size step_width  Mean_EER median_nu median_gamma
0         125         18  0.177605  0.042914     0.655129
0         250         37  0.114355   0.05005     0.655129
0         500         75  0.069829  0.049031     0.655129
0         750        112  0.060885  0.034759     0.372759
0        1000        150  0.058478  0.027623     0.068665
0        1250        187  0.057751  0.013352     0.003212
0        1500        225  0.051909  0.015391     0.000429
0        1750        262  0.049687  0.011313     0.000139
0        2000        300  0.049227  0.008255     0.000337
----------------------Training results for cv_fold_idx: 2----------------------
overlap: 0.85
  window_size step_width  Mean_EER median_nu median_gamma
0         125         18  0.154787  0.040876     0.655129
0         250         37  0.096582  0.042914     0.655129
0         500         75  0.054674   0.03272     0.372759
0         750        112  0.043852  0.026604      0.02223
0        1000        150     0.036   0.03272     0.000244
0        1250        187  0.033038  0.022527     0.000429
0        1500        225  0.023637  0.018449     0.039069
0        1750        262  0.025083  0.018449     0.004095
0        2000        300  0.022026  0.008255     0.004095