
----------------------------------------2023/07/30-06:57:31----------------------------------------

----------------------Training results for cv_fold_idx: 0----------------------
overlap: 0.37
  window_size step_width  Mean_EER median_nu median_gamma
0         125         78  0.182111  0.035779     0.372759
0         250        157  0.116599  0.035779     0.372759
0         500        315  0.073796  0.030682     0.212095
0         750        472   0.06205  0.024565     0.068665
0        1000        630  0.053183  0.020488     0.012649
0        1250        787  0.045911  0.020488     0.000429
0        1500        945  0.042619  0.010294     0.000429
0        1750       1102  0.042661  0.008255     0.001828
0        2000       1260  0.043438  0.007236     0.000337
----------------------Training results for cv_fold_idx: 1----------------------
overlap: 0.37
  window_size step_width  Mean_EER median_nu median_gamma
0         125         78   0.17279  0.041895     0.655129
0         250        157  0.110689  0.035779     0.513944
0         500        315  0.072931  0.025585     0.166387
0         750        472  0.065679  0.030682     0.094672
0        1000        630  0.059556   0.03374     0.000429
0        1250        787  0.052318  0.012333     0.000429
0        1500        945  0.051491  0.008255     0.000244
0        1750       1102  0.049064  0.008255     0.000284
0        2000       1260  0.052401  0.005197     0.000429
----------------------Training results for cv_fold_idx: 2----------------------
overlap: 0.37
  window_size step_width  Mean_EER median_nu median_gamma
0         125         78   0.15105  0.034759     0.372759
0         250        157  0.093578  0.030682     0.372759
0         500        315  0.052951   0.03272     0.120679
0         750        472  0.042112  0.024565     0.068665
0        1000        630  0.036148  0.034759     0.007197
0        1250        787  0.026721  0.012333     0.004095
0        1500        945   0.02516  0.008255     0.004095
0        1750       1102  0.026478  0.020488     0.007197
0        2000       1260  0.022222  0.006216     0.004095