
----------------------------------------2023/07/30-06:57:31----------------------------------------

----------------------Training results for cv_fold_idx: 0----------------------
overlap: 0.25
  window_size step_width  Mean_EER median_nu median_gamma
0         125         93  0.179068  0.030682     0.372759
0         250        187  0.125467  0.030682     0.372759
0         500        375  0.073402  0.042914     0.372759
0         750        562  0.061245  0.025585     0.012649
0        1000        750  0.055955  0.026604     0.004095
0        1250        937   0.04945  0.022527     0.004095
0        1500       1125  0.041301  0.014371     0.023133
0        1750       1312  0.041263  0.008255     0.004095
0        2000       1500   0.04419  0.006216     0.000429
----------------------Training results for cv_fold_idx: 1----------------------
overlap: 0.25
  window_size step_width  Mean_EER median_nu median_gamma
0         125         93  0.177498  0.036798     0.655129
0         250        187    0.1161  0.038837     0.372759
0         500        375  0.068124  0.031701     0.372759
0         750        562  0.068208  0.019468     0.004095
0        1000        750  0.056891   0.01641     0.068665
0        1250        937  0.054246  0.014371     0.004095
0        1500       1125  0.054678  0.008255     0.000162
0        1750       1312   0.05593  0.002139     0.000079
0        2000       1500  0.058178  0.002139     0.000079
----------------------Training results for cv_fold_idx: 2----------------------
overlap: 0.25
  window_size step_width  Mean_EER median_nu median_gamma
0         125         93  0.151908  0.034759     0.372759
0         250        187   0.10068   0.03272     0.212095
0         500        375  0.059123  0.036798     0.212095
0         750        562  0.037814  0.030682     0.120679
0        1000        750  0.038986  0.034759     0.001326
0        1250        937  0.032018  0.020488     0.001326
0        1500       1125  0.027794  0.022527     0.012649
0        1750       1312   0.02499  0.006216     0.004095
0        2000       1500  0.024022  0.004178     0.004095