
----------------------------------------2023/07/30-06:57:31----------------------------------------

----------------------Training results for cv_fold_idx: 0----------------------
overlap: 0.09
  window_size step_width  Mean_EER median_nu median_gamma
0         125        113  0.186397  0.040876     0.372759
0         250        227  0.122457  0.036798     0.655129
0         500        455  0.068707  0.026604     0.120679
0         750        682  0.055816  0.036798     0.094672
0        1000        910  0.051519  0.022527     0.012649
0        1250       1137  0.052427  0.020488     0.000429
0        1500       1365  0.040965  0.008255     0.003212
0        1750       1592  0.041943  0.007236     0.000429
0        2000       1820  0.045311  0.002139     0.000079
----------------------Training results for cv_fold_idx: 1----------------------
overlap: 0.09
  window_size step_width  Mean_EER median_nu median_gamma
0         125        113  0.178896  0.042914     0.655129
0         250        227  0.119328   0.03374     0.655129
0         500        455  0.075549  0.035779     0.053867
0         750        682  0.067211  0.022527      0.03065
0        1000        910  0.062428  0.012333     0.004095
0        1250       1137  0.058085  0.013352     0.000244
0        1500       1365   0.05993  0.003158     0.000429
0        1750       1592  0.052955  0.001119     0.000079
0        2000       1820  0.057177  0.008255     0.000244
----------------------Training results for cv_fold_idx: 2----------------------
overlap: 0.09
  window_size step_width  Mean_EER median_nu median_gamma
0         125        113  0.154636  0.042914     0.655129
0         250        227  0.096723   0.03272     0.372759
0         500        455  0.054221   0.03272     0.039069
0         750        682  0.044142  0.026604     0.004095
0        1000        910    0.0376  0.022527     0.004095
0        1250       1137  0.030361  0.012333      0.02223
0        1500       1365  0.024698  0.006216     0.004095
0        1750       1592  0.024764  0.012333     0.001326
0        2000       1820  0.023551  0.006216     0.000429